0.1	4.0	0.002	0.25	0.003	9.0	0.9463700269418558
0.1	4.0	0.002	0.25	0.003	14.5	0.9463700269418558
0.1	4.0	0.002	0.25	0.003	20.0	0.9463700269418558
0.1	4.0	0.002	0.25	0.006	9.0	0.9461957735765563
0.1	4.0	0.002	0.25	0.006	14.5	0.9461957735765563
0.1	4.0	0.002	0.25	0.006	20.0	0.9461957735765563
0.1	4.0	0.002	0.25	0.009	9.0	0.9461957735765563
0.1	4.0	0.002	0.25	0.009	14.5	0.9461957735765563
0.1	4.0	0.002	0.25	0.009	20.0	0.9461957735765563
0.1	4.0	0.002	0.275	0.003	9.0	0.9463700269418558
0.1	4.0	0.002	0.275	0.003	14.5	0.9463700269418558
0.1	4.0	0.002	0.275	0.003	20.0	0.9463700269418558
0.1	4.0	0.002	0.275	0.006	9.0	0.9461957735765563
0.1	4.0	0.002	0.275	0.006	14.5	0.9461957735765563
0.1	4.0	0.002	0.275	0.006	20.0	0.9461957735765563
0.1	4.0	0.002	0.275	0.009	9.0	0.9461957735765563
0.1	4.0	0.002	0.275	0.009	14.5	0.9461957735765563
0.1	4.0	0.002	0.275	0.009	20.0	0.9461957735765563
0.1	4.0	0.002	0.3	0.003	9.0	0.9463700269418558
0.1	4.0	0.002	0.3	0.003	14.5	0.9463700269418558
0.1	4.0	0.002	0.3	0.003	20.0	0.9463700269418558
0.1	4.0	0.002	0.3	0.006	9.0	0.9461957735765563
0.1	4.0	0.002	0.3	0.006	14.5	0.9461957735765563
0.1	4.0	0.002	0.3	0.006	20.0	0.9461957735765563
0.1	4.0	0.002	0.3	0.009	9.0	0.9461957735765563
0.1	4.0	0.002	0.3	0.009	14.5	0.9461957735765563
0.1	4.0	0.002	0.3	0.009	20.0	0.9461957735765563
0.1	4.0	0.004	0.25	0.003	9.0	0.947067040403054
0.1	4.0	0.004	0.25	0.003	14.5	0.9471977304270286
0.1	4.0	0.004	0.25	0.003	20.0	0.9472412937683535
0.1	4.0	0.004	0.25	0.006	9.0	0.9461522102352313
0.1	4.0	0.004	0.25	0.006	14.5	0.9461522102352313
0.1	4.0	0.004	0.25	0.006	20.0	0.9461957735765563
0.1	4.0	0.004	0.25	0.009	9.0	0.9459779568699318
0.1	4.0	0.004	0.25	0.009	14.5	0.9459779568699318
0.1	4.0	0.004	0.25	0.009	20.0	0.9459779568699318
0.1	4.0	0.004	0.275	0.003	9.0	0.947067040403054
0.1	4.0	0.004	0.275	0.003	14.5	0.9471977304270286
0.1	4.0	0.004	0.275	0.003	20.0	0.9472412937683535
0.1	4.0	0.004	0.275	0.006	9.0	0.9461522102352313
0.1	4.0	0.004	0.275	0.006	14.5	0.9461522102352313
0.1	4.0	0.004	0.275	0.006	20.0	0.9461957735765563
0.1	4.0	0.004	0.275	0.009	9.0	0.9459779568699318
0.1	4.0	0.004	0.275	0.009	14.5	0.9459779568699318
0.1	4.0	0.004	0.275	0.009	20.0	0.9459779568699318
0.1	4.0	0.004	0.3	0.003	9.0	0.947067040403054
0.1	4.0	0.004	0.3	0.003	14.5	0.9471977304270286
0.1	4.0	0.004	0.3	0.003	20.0	0.9472412937683535
0.1	4.0	0.004	0.3	0.006	9.0	0.9461522102352313
0.1	4.0	0.004	0.3	0.006	14.5	0.9461522102352313
0.1	4.0	0.004	0.3	0.006	20.0	0.9461957735765563
0.1	4.0	0.004	0.3	0.009	9.0	0.9459779568699318
0.1	4.0	0.004	0.3	0.009	14.5	0.9459779568699318
0.1	4.0	0.004	0.3	0.009	20.0	0.9459779568699318
0.1	4.0	0.006	0.25	0.003	9.0	0.948315856187701
0.1	4.0	0.006	0.25	0.003	14.5	0.9485772362356502
0.1	4.0	0.006	0.25	0.003	20.0	0.9487514896009498
0.1	4.0	0.006	0.25	0.006	9.0	0.9463409847143062
0.1	4.0	0.006	0.25	0.006	14.5	0.9463990691694057
0.1	4.0	0.006	0.25	0.006	20.0	0.9463990691694057
0.1	4.0	0.006	0.25	0.009	9.0	0.9459053513010571
0.1	4.0	0.006	0.25	0.009	14.5	0.9459343935286071
0.1	4.0	0.006	0.25	0.009	20.0	0.9459343935286071
0.1	4.0	0.006	0.275	0.003	9.0	0.948315856187701
0.1	4.0	0.006	0.275	0.003	14.5	0.9485772362356502
0.1	4.0	0.006	0.275	0.003	20.0	0.9487514896009498
0.1	4.0	0.006	0.275	0.006	9.0	0.9463409847143062
0.1	4.0	0.006	0.275	0.006	14.5	0.9463990691694057
0.1	4.0	0.006	0.275	0.006	20.0	0.9463990691694057
0.1	4.0	0.006	0.275	0.009	9.0	0.9459053513010571
0.1	4.0	0.006	0.275	0.009	14.5	0.9459343935286071
0.1	4.0	0.006	0.275	0.009	20.0	0.9459343935286071
0.1	4.0	0.006	0.3	0.003	9.0	0.948315856187701
0.1	4.0	0.006	0.3	0.003	14.5	0.9485772362356502
0.1	4.0	0.006	0.3	0.003	20.0	0.9487514896009498
0.1	4.0	0.006	0.3	0.006	9.0	0.9463409847143062
0.1	4.0	0.006	0.3	0.006	14.5	0.9463990691694057
0.1	4.0	0.006	0.3	0.006	20.0	0.9463990691694057
0.1	4.0	0.006	0.3	0.009	9.0	0.9459053513010571
0.1	4.0	0.006	0.3	0.009	14.5	0.9459343935286071
0.1	4.0	0.006	0.3	0.009	20.0	0.9459343935286071
0.1	5.0	0.002	0.25	0.003	9.0	0.9731980750633746
0.1	5.0	0.002	0.25	0.003	14.5	0.9731980750633746
0.1	5.0	0.002	0.25	0.003	20.0	0.9732538361402705
0.1	5.0	0.002	0.25	0.006	9.0	0.9727519864482078
0.1	5.0	0.002	0.25	0.006	14.5	0.9727519864482078
0.1	5.0	0.002	0.25	0.006	20.0	0.9727519864482078
0.1	5.0	0.002	0.25	0.009	9.0	0.9727519864482078
0.1	5.0	0.002	0.25	0.009	14.5	0.9727519864482078
0.1	5.0	0.002	0.25	0.009	20.0	0.9727519864482078
0.1	5.0	0.002	0.275	0.003	9.0	0.9731980750633746
0.1	5.0	0.002	0.275	0.003	14.5	0.9731980750633746
0.1	5.0	0.002	0.275	0.003	20.0	0.9732538361402705
0.1	5.0	0.002	0.275	0.006	9.0	0.9727519864482078
0.1	5.0	0.002	0.275	0.006	14.5	0.9727519864482078
0.1	5.0	0.002	0.275	0.006	20.0	0.9727519864482078
0.1	5.0	0.002	0.275	0.009	9.0	0.9727519864482078
0.1	5.0	0.002	0.275	0.009	14.5	0.9727519864482078
0.1	5.0	0.002	0.275	0.009	20.0	0.9727519864482078
0.1	5.0	0.002	0.3	0.003	9.0	0.9731980750633746
0.1	5.0	0.002	0.3	0.003	14.5	0.9731980750633746
0.1	5.0	0.002	0.3	0.003	20.0	0.9732538361402705
0.1	5.0	0.002	0.3	0.006	9.0	0.9727519864482078
0.1	5.0	0.002	0.3	0.006	14.5	0.9727519864482078
0.1	5.0	0.002	0.3	0.006	20.0	0.9727519864482078
0.1	5.0	0.002	0.3	0.009	9.0	0.9727519864482078
0.1	5.0	0.002	0.3	0.009	14.5	0.9727519864482078
0.1	5.0	0.002	0.3	0.009	20.0	0.9727519864482078
0.1	5.0	0.004	0.25	0.003	9.0	0.9743132966012917
0.1	5.0	0.004	0.25	0.003	14.5	0.9744526992935314
0.1	5.0	0.004	0.25	0.003	20.0	0.9745363409088752
0.1	5.0	0.004	0.25	0.006	9.0	0.9728635086019995
0.1	5.0	0.004	0.25	0.006	14.5	0.9729192696788955
0.1	5.0	0.004	0.25	0.006	20.0	0.9729471502173433
0.1	5.0	0.004	0.25	0.009	9.0	0.9725568226790723
0.1	5.0	0.004	0.25	0.009	14.5	0.9725568226790723
0.1	5.0	0.004	0.25	0.009	20.0	0.9725568226790723
0.1	5.0	0.004	0.275	0.003	9.0	0.9743132966012917
0.1	5.0	0.004	0.275	0.003	14.5	0.9744526992935314
0.1	5.0	0.004	0.275	0.003	20.0	0.9745363409088752
0.1	5.0	0.004	0.275	0.006	9.0	0.9728635086019995
0.1	5.0	0.004	0.275	0.006	14.5	0.9729192696788955
0.1	5.0	0.004	0.275	0.006	20.0	0.9729471502173433
0.1	5.0	0.004	0.275	0.009	9.0	0.9725568226790723
0.1	5.0	0.004	0.275	0.009	14.5	0.9725568226790723
0.1	5.0	0.004	0.275	0.009	20.0	0.9725568226790723
0.1	5.0	0.004	0.3	0.003	9.0	0.9743132966012917
0.1	5.0	0.004	0.3	0.003	14.5	0.9744526992935314
0.1	5.0	0.004	0.3	0.003	20.0	0.9745363409088752
0.1	5.0	0.004	0.3	0.006	9.0	0.9728635086019995
0.1	5.0	0.004	0.3	0.006	14.5	0.9729192696788955
0.1	5.0	0.004	0.3	0.006	20.0	0.9729471502173433
0.1	5.0	0.004	0.3	0.009	9.0	0.9725568226790723
0.1	5.0	0.004	0.3	0.009	14.5	0.9725568226790723
0.1	5.0	0.004	0.3	0.009	20.0	0.9725568226790723
0.1	5.0	0.006	0.25	0.003	9.0	0.9765437396771262
0.1	5.0	0.006	0.25	0.003	14.5	0.9769526542410291
0.1	5.0	0.006	0.25	0.003	20.0	0.9772314596255083
0.1	5.0	0.006	0.25	0.006	9.0	0.9731609010121108
0.1	5.0	0.006	0.25	0.006	14.5	0.9732724231659026
0.1	5.0	0.006	0.25	0.006	20.0	0.9733281842427983
0.1	5.0	0.006	0.25	0.009	9.0	0.9725847032175202
0.1	5.0	0.006	0.25	0.009	14.5	0.9726404642944161
0.1	5.0	0.006	0.25	0.009	20.0	0.9726776383456801
0.1	5.0	0.006	0.275	0.003	9.0	0.9765437396771262
0.1	5.0	0.006	0.275	0.003	14.5	0.9769526542410291
0.1	5.0	0.006	0.275	0.003	20.0	0.9772314596255083
0.1	5.0	0.006	0.275	0.006	9.0	0.9731609010121108
0.1	5.0	0.006	0.275	0.006	14.5	0.9732724231659026
0.1	5.0	0.006	0.275	0.006	20.0	0.9733281842427983
0.1	5.0	0.006	0.275	0.009	9.0	0.9725847032175202
0.1	5.0	0.006	0.275	0.009	14.5	0.9726404642944161
0.1	5.0	0.006	0.275	0.009	20.0	0.9726776383456801
0.1	5.0	0.006	0.3	0.003	9.0	0.9765437396771262
0.1	5.0	0.006	0.3	0.003	14.5	0.9769526542410291
0.1	5.0	0.006	0.3	0.003	20.0	0.9772314596255083
0.1	5.0	0.006	0.3	0.006	9.0	0.9731609010121108
0.1	5.0	0.006	0.3	0.006	14.5	0.9732724231659026
0.1	5.0	0.006	0.3	0.006	20.0	0.9733281842427983
0.1	5.0	0.006	0.3	0.009	9.0	0.9725847032175202
0.1	5.0	0.006	0.3	0.009	14.5	0.9726404642944161
0.1	5.0	0.006	0.3	0.009	20.0	0.9726776383456801
0.1	6.0	0.002	0.25	0.003	9.0	0.9927020606265027
0.1	6.0	0.002	0.25	0.003	14.5	0.9927020606265027
0.1	6.0	0.002	0.25	0.003	20.0	0.9927020606265027
0.1	6.0	0.002	0.25	0.006	9.0	0.9920050471653045
0.1	6.0	0.002	0.25	0.006	14.5	0.9920050471653045
0.1	6.0	0.002	0.25	0.006	20.0	0.9920050471653045
0.1	6.0	0.002	0.25	0.009	9.0	0.9920050471653045
0.1	6.0	0.002	0.25	0.009	14.5	0.9920050471653045
0.1	6.0	0.002	0.25	0.009	20.0	0.9920050471653045
0.1	6.0	0.002	0.275	0.003	9.0	0.9927020606265027
0.1	6.0	0.002	0.275	0.003	14.5	0.9927020606265027
0.1	6.0	0.002	0.275	0.003	20.0	0.9927020606265027
0.1	6.0	0.002	0.275	0.006	9.0	0.9920050471653045
0.1	6.0	0.002	0.275	0.006	14.5	0.9920050471653045
0.1	6.0	0.002	0.275	0.006	20.0	0.9920050471653045
0.1	6.0	0.002	0.275	0.009	9.0	0.9920050471653045
0.1	6.0	0.002	0.275	0.009	14.5	0.9920050471653045
0.1	6.0	0.002	0.275	0.009	20.0	0.9920050471653045
0.1	6.0	0.002	0.3	0.003	9.0	0.9927020606265027
0.1	6.0	0.002	0.3	0.003	14.5	0.9927020606265027
0.1	6.0	0.002	0.3	0.003	20.0	0.9927020606265027
0.1	6.0	0.002	0.3	0.006	9.0	0.9920050471653045
0.1	6.0	0.002	0.3	0.006	14.5	0.9920050471653045
0.1	6.0	0.002	0.3	0.006	20.0	0.9920050471653045
0.1	6.0	0.002	0.3	0.009	9.0	0.9920050471653045
0.1	6.0	0.002	0.3	0.009	14.5	0.9920050471653045
0.1	6.0	0.002	0.3	0.009	20.0	0.9920050471653045
0.1	6.0	0.004	0.25	0.003	9.0	0.9945220402196313
0.1	6.0	0.004	0.25	0.003	14.5	0.9947350165549974
0.1	6.0	0.004	0.25	0.003	20.0	0.9948511854651971
0.1	6.0	0.004	0.25	0.006	9.0	0.9923341924108703
0.1	6.0	0.004	0.25	0.006	14.5	0.9923922768659702
0.1	6.0	0.004	0.25	0.006	20.0	0.9924116383510034
0.1	6.0	0.004	0.25	0.009	9.0	0.9918501552850383
0.1	6.0	0.004	0.25	0.009	14.5	0.9918888782551049
0.1	6.0	0.004	0.25	0.009	20.0	0.9919082397401381
0.1	6.0	0.004	0.275	0.003	9.0	0.9945220402196313
0.1	6.0	0.004	0.275	0.003	14.5	0.9947350165549974
0.1	6.0	0.004	0.275	0.003	20.0	0.9948511854651971
0.1	6.0	0.004	0.275	0.006	9.0	0.9923341924108703
0.1	6.0	0.004	0.275	0.006	14.5	0.9923922768659702
0.1	6.0	0.004	0.275	0.006	20.0	0.9924116383510034
0.1	6.0	0.004	0.275	0.009	9.0	0.9918501552850383
0.1	6.0	0.004	0.275	0.009	14.5	0.9918888782551049
0.1	6.0	0.004	0.275	0.009	20.0	0.9919082397401381
0.1	6.0	0.004	0.3	0.003	9.0	0.9945220402196313
0.1	6.0	0.004	0.3	0.003	14.5	0.9947350165549974
0.1	6.0	0.004	0.3	0.003	20.0	0.9948511854651971
0.1	6.0	0.004	0.3	0.006	9.0	0.9923341924108703
0.1	6.0	0.004	0.3	0.006	14.5	0.9923922768659702
0.1	6.0	0.004	0.3	0.006	20.0	0.9924116383510034
0.1	6.0	0.004	0.3	0.009	9.0	0.9918501552850383
0.1	6.0	0.004	0.3	0.009	14.5	0.9918888782551049
0.1	6.0	0.004	0.3	0.009	20.0	0.9919082397401381
0.1	6.0	0.006	0.25	0.003	9.0	0.9977618620485341
0.1	6.0	0.006	0.25	0.003	14.5	0.998394337226288
0.1	6.0	0.006	0.25	0.003	20.0	0.998755751613576
0.1	6.0	0.006	0.25	0.006	9.0	0.9927924142233246
0.1	6.0	0.006	0.25	0.006	14.5	0.9929602137602798
0.1	6.0	0.006	0.25	0.006	20.0	0.9930505673571018
0.1	6.0	0.006	0.25	0.009	9.0	0.9920050471653045
0.1	6.0	0.006	0.25	0.009	14.5	0.9920824931054376
0.1	6.0	0.006	0.25	0.009	20.0	0.9921212160755042
0.1	6.0	0.006	0.275	0.003	9.0	0.9977618620485341
0.1	6.0	0.006	0.275	0.003	14.5	0.998394337226288
0.1	6.0	0.006	0.275	0.003	20.0	0.998755751613576
0.1	6.0	0.006	0.275	0.006	9.0	0.9927924142233246
0.1	6.0	0.006	0.275	0.006	14.5	0.9929602137602798
0.1	6.0	0.006	0.275	0.006	20.0	0.9930505673571018
0.1	6.0	0.006	0.275	0.009	9.0	0.9920050471653045
0.1	6.0	0.006	0.275	0.009	14.5	0.9920824931054376
0.1	6.0	0.006	0.275	0.009	20.0	0.9921212160755042
0.1	6.0	0.006	0.3	0.003	9.0	0.9977618620485341
0.1	6.0	0.006	0.3	0.003	14.5	0.9983814295695992
0.1	6.0	0.006	0.3	0.003	20.0	0.998755751613576
0.1	6.0	0.006	0.3	0.006	9.0	0.9927924142233246
0.1	6.0	0.006	0.3	0.006	14.5	0.9929602137602798
0.1	6.0	0.006	0.3	0.006	20.0	0.9930505673571018
0.1	6.0	0.006	0.3	0.009	9.0	0.9920050471653045
0.1	6.0	0.006	0.3	0.009	14.5	0.9920824931054376
0.1	6.0	0.006	0.3	0.009	20.0	0.9921212160755042
0.35	4.0	0.002	0.25	0.003	9.0	0.9902162755726278
0.35	4.0	0.002	0.25	0.003	14.5	0.9902162755726278
0.35	4.0	0.002	0.25	0.003	20.0	0.9902162755726278
0.35	4.0	0.002	0.25	0.006	9.0	0.9902162755726278
0.35	4.0	0.002	0.25	0.006	14.5	0.9902162755726278
0.35	4.0	0.002	0.25	0.006	20.0	0.9902162755726278
0.35	4.0	0.002	0.25	0.009	9.0	0.9902162755726278
0.35	4.0	0.002	0.25	0.009	14.5	0.9902162755726278
0.35	4.0	0.002	0.25	0.009	20.0	0.9902162755726278
0.35	4.0	0.002	0.275	0.003	9.0	0.9901954359338625
0.35	4.0	0.002	0.275	0.003	14.5	0.9901954359338625
0.35	4.0	0.002	0.275	0.003	20.0	0.9901954359338625
0.35	4.0	0.002	0.275	0.006	9.0	0.9901954359338625
0.35	4.0	0.002	0.275	0.006	14.5	0.9901954359338625
0.35	4.0	0.002	0.275	0.006	20.0	0.9901954359338625
0.35	4.0	0.002	0.275	0.009	9.0	0.9901954359338625
0.35	4.0	0.002	0.275	0.009	14.5	0.9901954359338625
0.35	4.0	0.002	0.275	0.009	20.0	0.9901954359338625
0.35	4.0	0.002	0.3	0.003	9.0	0.9901954359338625
0.35	4.0	0.002	0.3	0.003	14.5	0.9901954359338625
0.35	4.0	0.002	0.3	0.003	20.0	0.9901954359338625
0.35	4.0	0.002	0.3	0.006	9.0	0.9901954359338625
0.35	4.0	0.002	0.3	0.006	14.5	0.9901954359338625
0.35	4.0	0.002	0.3	0.006	20.0	0.9901954359338625
0.35	4.0	0.002	0.3	0.009	9.0	0.9901954359338625
0.35	4.0	0.002	0.3	0.009	14.5	0.9901954359338625
0.35	4.0	0.002	0.3	0.009	20.0	0.9901954359338625
0.35	4.0	0.004	0.25	0.003	9.0	0.9943737835063078
0.35	4.0	0.004	0.25	0.003	14.5	0.9946342789908742
0.35	4.0	0.004	0.25	0.003	20.0	0.9947488970040834
0.35	4.0	0.004	0.25	0.006	9.0	0.9898515818942348
0.35	4.0	0.004	0.25	0.006	14.5	0.9898515818942348
0.35	4.0	0.004	0.25	0.006	20.0	0.9898515818942348
0.35	4.0	0.004	0.25	0.009	9.0	0.9898515818942348
0.35	4.0	0.004	0.25	0.009	14.5	0.9898515818942348
0.35	4.0	0.004	0.25	0.009	20.0	0.9898515818942348
0.35	4.0	0.004	0.275	0.003	9.0	0.9943737835063078
0.35	4.0	0.004	0.275	0.003	14.5	0.9946342789908742
0.35	4.0	0.004	0.275	0.003	20.0	0.9947488970040834
0.35	4.0	0.004	0.275	0.006	9.0	0.9898411620748522
0.35	4.0	0.004	0.275	0.006	14.5	0.9898411620748522
0.35	4.0	0.004	0.275	0.006	20.0	0.9898411620748522
0.35	4.0	0.004	0.275	0.009	9.0	0.9898411620748522
0.35	4.0	0.004	0.275	0.009	14.5	0.9898411620748522
0.35	4.0	0.004	0.275	0.009	20.0	0.9898411620748522
0.35	4.0	0.004	0.3	0.003	9.0	0.9943842033256904
0.35	4.0	0.004	0.3	0.003	14.5	0.9946446988102569
0.35	4.0	0.004	0.3	0.003	20.0	0.9947593168234661
0.35	4.0	0.004	0.3	0.006	9.0	0.9898411620748522
0.35	4.0	0.004	0.3	0.006	14.5	0.9898411620748522
0.35	4.0	0.004	0.3	0.006	20.0	0.9898411620748522
0.35	4.0	0.004	0.3	0.009	9.0	0.9898411620748522
0.35	4.0	0.004	0.3	0.009	14.5	0.9898411620748522
0.35	4.0	0.004	0.3	0.009	20.0	0.9898411620748522
0.35	4.0	0.006	0.25	0.003	9.0	0.9982186968585083
0.35	4.0	0.006	0.25	0.003	14.5	0.9989133514840188
0.35	4.0	0.006	0.25	0.003	20.0	0.9996080061095292
0.35	4.0	0.006	0.25	0.006	9.0	0.9905774959778935
0.35	4.0	0.006	0.25	0.006	14.5	0.9905774959778935
0.35	4.0	0.006	0.25	0.006	20.0	0.9905774959778935
0.35	4.0	0.006	0.25	0.009	9.0	0.9891881867268725
0.35	4.0	0.006	0.25	0.009	14.5	0.9891881867268725
0.35	4.0	0.006	0.25	0.009	20.0	0.9891881867268725
0.35	4.0	0.006	0.275	0.003	9.0	0.9982186968585083
0.35	4.0	0.006	0.275	0.003	14.5	0.9989133514840188
0.35	4.0	0.006	0.275	0.003	20.0	0.9996080061095292
0.35	4.0	0.006	0.275	0.006	9.0	0.9905774959778935
0.35	4.0	0.006	0.275	0.006	14.5	0.9905774959778935
0.35	4.0	0.006	0.275	0.006	20.0	0.9905774959778935
0.35	4.0	0.006	0.275	0.009	9.0	0.9891881867268725
0.35	4.0	0.006	0.275	0.009	14.5	0.9891881867268725
0.35	4.0	0.006	0.275	0.009	20.0	0.9891881867268725
0.35	4.0	0.006	0.3	0.003	9.0	0.9982186968585083
0.35	4.0	0.006	0.3	0.003	14.5	0.9989133514840188
0.35	4.0	0.006	0.3	0.003	20.0	0.9996080061095292
0.35	4.0	0.006	0.3	0.006	9.0	0.9905774959778935
0.35	4.0	0.006	0.3	0.006	14.5	0.9905774959778935
0.35	4.0	0.006	0.3	0.006	20.0	0.9905774959778935
0.35	4.0	0.006	0.3	0.009	9.0	0.9891881867268725
0.35	4.0	0.006	0.3	0.009	14.5	0.9891881867268725
0.35	4.0	0.006	0.3	0.009	20.0	0.9891881867268725
0.35	5.0	0.002	0.25	0.003	9.0	1.0216691255683397
0.35	5.0	0.002	0.25	0.003	14.5	1.0216691255683397
0.35	5.0	0.002	0.25	0.003	20.0	1.0216691255683397
0.35	5.0	0.002	0.25	0.006	9.0	1.0216691255683397
0.35	5.0	0.002	0.25	0.006	14.5	1.0216691255683397
0.35	5.0	0.002	0.25	0.006	20.0	1.0216691255683397
0.35	5.0	0.002	0.25	0.009	9.0	1.0216691255683397
0.35	5.0	0.002	0.25	0.009	14.5	1.0216691255683397
0.35	5.0	0.002	0.25	0.009	20.0	1.0216691255683397
0.35	5.0	0.002	0.275	0.003	9.0	1.0216691255683397
0.35	5.0	0.002	0.275	0.003	14.5	1.0216691255683397
0.35	5.0	0.002	0.275	0.003	20.0	1.0216691255683397
0.35	5.0	0.002	0.275	0.006	9.0	1.0216691255683397
0.35	5.0	0.002	0.275	0.006	14.5	1.0216691255683397
0.35	5.0	0.002	0.275	0.006	20.0	1.0216691255683397
0.35	5.0	0.002	0.275	0.009	9.0	1.0216691255683397
0.35	5.0	0.002	0.275	0.009	14.5	1.0216691255683397
0.35	5.0	0.002	0.275	0.009	20.0	1.0216691255683397
0.35	5.0	0.002	0.3	0.003	9.0	1.02165578819953
0.35	5.0	0.002	0.3	0.003	14.5	1.02165578819953
0.35	5.0	0.002	0.3	0.003	20.0	1.02165578819953
0.35	5.0	0.002	0.3	0.006	9.0	1.02165578819953
0.35	5.0	0.002	0.3	0.006	14.5	1.02165578819953
0.35	5.0	0.002	0.3	0.006	20.0	1.02165578819953
0.35	5.0	0.002	0.3	0.009	9.0	1.02165578819953
0.35	5.0	0.002	0.3	0.009	14.5	1.02165578819953
0.35	5.0	0.002	0.3	0.009	20.0	1.02165578819953
0.35	5.0	0.004	0.25	0.003	9.0	1.0283111352356205
0.35	5.0	0.004	0.25	0.003	14.5	1.0289780036761105
0.35	5.0	0.004	0.25	0.003	20.0	1.0289780036761105
0.35	5.0	0.004	0.25	0.006	9.0	1.0209755823902302
0.35	5.0	0.004	0.25	0.006	14.5	1.0209755823902302
0.35	5.0	0.004	0.25	0.006	20.0	1.0209755823902302
0.35	5.0	0.004	0.25	0.009	9.0	1.0209755823902302
0.35	5.0	0.004	0.25	0.009	14.5	1.0209755823902302
0.35	5.0	0.004	0.25	0.009	20.0	1.0209755823902302
0.35	5.0	0.004	0.275	0.003	9.0	1.0283111352356205
0.35	5.0	0.004	0.275	0.003	14.5	1.0289780036761105
0.35	5.0	0.004	0.275	0.003	20.0	1.0289780036761105
0.35	5.0	0.004	0.275	0.006	9.0	1.0209755823902302
0.35	5.0	0.004	0.275	0.006	14.5	1.0209755823902302
0.35	5.0	0.004	0.275	0.006	20.0	1.0209755823902302
0.35	5.0	0.004	0.275	0.009	9.0	1.0209755823902302
0.35	5.0	0.004	0.275	0.009	14.5	1.0209755823902302
0.35	5.0	0.004	0.275	0.009	20.0	1.0209755823902302
0.35	5.0	0.004	0.3	0.003	9.0	1.0283111352356205
0.35	5.0	0.004	0.3	0.003	14.5	1.0289780036761105
0.35	5.0	0.004	0.3	0.003	20.0	1.0289780036761105
0.35	5.0	0.004	0.3	0.006	9.0	1.0209755823902302
0.35	5.0	0.004	0.3	0.006	14.5	1.0209755823902302
0.35	5.0	0.004	0.3	0.006	20.0	1.0209755823902302
0.35	5.0	0.004	0.3	0.009	9.0	1.0209755823902302
0.35	5.0	0.004	0.3	0.009	14.5	1.0209755823902302
0.35	5.0	0.004	0.3	0.009	20.0	1.0209755823902302
0.35	5.0	0.006	0.25	0.003	9.0	1.0367581354818274
0.35	5.0	0.006	0.25	0.003	14.5	1.0380918723628074
0.35	5.0	0.006	0.25	0.003	20.0	1.0389810302834608
0.35	5.0	0.006	0.25	0.006	9.0	1.0243099245926803
0.35	5.0	0.006	0.25	0.006	14.5	1.024754503553007
0.35	5.0	0.006	0.25	0.006	20.0	1.024754503553007
0.35	5.0	0.006	0.25	0.009	9.0	1.020753292910067
0.35	5.0	0.006	0.25	0.009	14.5	1.020753292910067
0.35	5.0	0.006	0.25	0.009	20.0	1.020753292910067
0.35	5.0	0.006	0.275	0.003	9.0	1.0367581354818274
0.35	5.0	0.006	0.275	0.003	14.5	1.0380918723628074
0.35	5.0	0.006	0.275	0.003	20.0	1.0389810302834608
0.35	5.0	0.006	0.275	0.006	9.0	1.0243099245926803
0.35	5.0	0.006	0.275	0.006	14.5	1.024754503553007
0.35	5.0	0.006	0.275	0.006	20.0	1.024754503553007
0.35	5.0	0.006	0.275	0.009	9.0	1.020753292910067
0.35	5.0	0.006	0.275	0.009	14.5	1.020753292910067
0.35	5.0	0.006	0.275	0.009	20.0	1.020753292910067
0.35	5.0	0.006	0.3	0.003	9.0	1.0367581354818274
0.35	5.0	0.006	0.3	0.003	14.5	1.0380918723628074
0.35	5.0	0.006	0.3	0.003	20.0	1.0389810302834608
0.35	5.0	0.006	0.3	0.006	9.0	1.0243099245926803
0.35	5.0	0.006	0.3	0.006	14.5	1.024754503553007
0.35	5.0	0.006	0.3	0.006	20.0	1.024754503553007
0.35	5.0	0.006	0.3	0.009	9.0	1.020753292910067
0.35	5.0	0.006	0.3	0.009	14.5	1.020753292910067
0.35	5.0	0.006	0.3	0.009	20.0	1.020753292910067
0.35	6.0	0.002	0.25	0.003	9.0	1.0447605567677076
0.35	6.0	0.002	0.25	0.003	14.5	1.0447605567677076
0.35	6.0	0.002	0.25	0.003	20.0	1.0447605567677076
0.35	6.0	0.002	0.25	0.006	9.0	1.042908144433013
0.35	6.0	0.002	0.25	0.006	14.5	1.042908144433013
0.35	6.0	0.002	0.25	0.006	20.0	1.042908144433013
0.35	6.0	0.002	0.25	0.009	9.0	1.042908144433013
0.35	6.0	0.002	0.25	0.009	14.5	1.042908144433013
0.35	6.0	0.002	0.25	0.009	20.0	1.042908144433013
0.35	6.0	0.002	0.275	0.003	9.0	1.0447605567677076
0.35	6.0	0.002	0.275	0.003	14.5	1.0447605567677076
0.35	6.0	0.002	0.275	0.003	20.0	1.0447605567677076
0.35	6.0	0.002	0.275	0.006	9.0	1.042908144433013
0.35	6.0	0.002	0.275	0.006	14.5	1.042908144433013
0.35	6.0	0.002	0.275	0.006	20.0	1.042908144433013
0.35	6.0	0.002	0.275	0.009	9.0	1.042908144433013
0.35	6.0	0.002	0.275	0.009	14.5	1.042908144433013
0.35	6.0	0.002	0.275	0.009	20.0	1.042908144433013
0.35	6.0	0.002	0.3	0.003	9.0	1.0447605567677076
0.35	6.0	0.002	0.3	0.003	14.5	1.0447605567677076
0.35	6.0	0.002	0.3	0.003	20.0	1.0447605567677076
0.35	6.0	0.002	0.3	0.006	9.0	1.042908144433013
0.35	6.0	0.002	0.3	0.006	14.5	1.042908144433013
0.35	6.0	0.002	0.3	0.006	20.0	1.042908144433013
0.35	6.0	0.002	0.3	0.009	9.0	1.042908144433013
0.35	6.0	0.002	0.3	0.009	14.5	1.042908144433013
0.35	6.0	0.002	0.3	0.009	20.0	1.042908144433013
0.35	6.0	0.004	0.25	0.003	9.0	1.051707103022812
0.35	6.0	0.004	0.25	0.003	14.5	1.0526333091901594
0.35	6.0	0.004	0.25	0.003	20.0	1.0526333091901594
0.35	6.0	0.004	0.25	0.006	9.0	1.0438343506003604
0.35	6.0	0.004	0.25	0.006	14.5	1.0438343506003604
0.35	6.0	0.004	0.25	0.006	20.0	1.0438343506003604
0.35	6.0	0.004	0.25	0.009	9.0	1.0424450413493396
0.35	6.0	0.004	0.25	0.009	14.5	1.0424450413493396
0.35	6.0	0.004	0.25	0.009	20.0	1.0424450413493396
0.35	6.0	0.004	0.275	0.003	9.0	1.051707103022812
0.35	6.0	0.004	0.275	0.003	14.5	1.0526333091901594
0.35	6.0	0.004	0.275	0.003	20.0	1.0526333091901594
0.35	6.0	0.004	0.275	0.006	9.0	1.0438343506003604
0.35	6.0	0.004	0.275	0.006	14.5	1.0438343506003604
0.35	6.0	0.004	0.275	0.006	20.0	1.0438343506003604
0.35	6.0	0.004	0.275	0.009	9.0	1.0424450413493396
0.35	6.0	0.004	0.275	0.009	14.5	1.0424450413493396
0.35	6.0	0.004	0.275	0.009	20.0	1.0424450413493396
0.35	6.0	0.004	0.3	0.003	9.0	1.051707103022812
0.35	6.0	0.004	0.3	0.003	14.5	1.0526333091901594
0.35	6.0	0.004	0.3	0.003	20.0	1.0526333091901594
0.35	6.0	0.004	0.3	0.006	9.0	1.0438343506003604
0.35	6.0	0.004	0.3	0.006	14.5	1.0438343506003604
0.35	6.0	0.004	0.3	0.006	20.0	1.0438343506003604
0.35	6.0	0.004	0.3	0.009	9.0	1.0424450413493396
0.35	6.0	0.004	0.3	0.009	14.5	1.0424450413493396
0.35	6.0	0.004	0.3	0.009	20.0	1.0424450413493396
0.35	6.0	0.006	0.25	0.003	9.0	1.0676069755622732
0.35	6.0	0.006	0.25	0.003	14.5	1.0700768586751994
0.35	6.0	0.006	0.25	0.003	20.0	1.0710030648425466
0.35	6.0	0.006	0.25	0.006	9.0	1.0472304398806336
0.35	6.0	0.006	0.25	0.006	14.5	1.048156646047981
0.35	6.0	0.006	0.25	0.006	20.0	1.0484653814370966
0.35	6.0	0.006	0.25	0.009	9.0	1.0432168798221289
0.35	6.0	0.006	0.25	0.009	14.5	1.0432168798221289
0.35	6.0	0.006	0.25	0.009	20.0	1.0432168798221289
0.35	6.0	0.006	0.275	0.003	9.0	1.0676069755622732
0.35	6.0	0.006	0.275	0.003	14.5	1.0700768586751994
0.35	6.0	0.006	0.275	0.003	20.0	1.0710030648425466
0.35	6.0	0.006	0.275	0.006	9.0	1.0472304398806336
0.35	6.0	0.006	0.275	0.006	14.5	1.048156646047981
0.35	6.0	0.006	0.275	0.006	20.0	1.0484653814370966
0.35	6.0	0.006	0.275	0.009	9.0	1.0432168798221289
0.35	6.0	0.006	0.275	0.009	14.5	1.0432168798221289
0.35	6.0	0.006	0.275	0.009	20.0	1.0432168798221289
0.35	6.0	0.006	0.3	0.003	9.0	1.0676069755622732
0.35	6.0	0.006	0.3	0.003	14.5	1.0700768586751994
0.35	6.0	0.006	0.3	0.003	20.0	1.0713118002316624
0.35	6.0	0.006	0.3	0.006	9.0	1.0472304398806336
0.35	6.0	0.006	0.3	0.006	14.5	1.048156646047981
0.35	6.0	0.006	0.3	0.006	20.0	1.0484653814370966
0.35	6.0	0.006	0.3	0.009	9.0	1.0432168798221289
0.35	6.0	0.006	0.3	0.009	14.5	1.0432168798221289
0.35	6.0	0.006	0.3	0.009	20.0	1.0432168798221289
0.6	4.0	0.002	0.25	0.003	9.0	0.9929714929395822
0.6	4.0	0.002	0.25	0.003	14.5	0.993850228774042
0.6	4.0	0.002	0.25	0.003	20.0	0.993850228774042
0.6	4.0	0.002	0.25	0.006	9.0	0.9855022383466738
0.6	4.0	0.002	0.25	0.006	14.5	0.9855022383466738
0.6	4.0	0.002	0.25	0.006	20.0	0.9855022383466738
0.6	4.0	0.002	0.25	0.009	9.0	0.9855022383466738
0.6	4.0	0.002	0.25	0.009	14.5	0.9855022383466738
0.6	4.0	0.002	0.25	0.009	20.0	0.9855022383466738
0.6	4.0	0.002	0.275	0.003	9.0	0.9929714929395822
0.6	4.0	0.002	0.275	0.003	14.5	0.993850228774042
0.6	4.0	0.002	0.275	0.003	20.0	0.993850228774042
0.6	4.0	0.002	0.275	0.006	9.0	0.9855022383466738
0.6	4.0	0.002	0.275	0.006	14.5	0.9855022383466738
0.6	4.0	0.002	0.275	0.006	20.0	0.9855022383466738
0.6	4.0	0.002	0.275	0.009	9.0	0.9855022383466738
0.6	4.0	0.002	0.275	0.009	14.5	0.9855022383466738
0.6	4.0	0.002	0.275	0.009	20.0	0.9855022383466738
0.6	4.0	0.002	0.3	0.003	9.0	0.9929714929395822
0.6	4.0	0.002	0.3	0.003	14.5	0.993850228774042
0.6	4.0	0.002	0.3	0.003	20.0	0.993850228774042
0.6	4.0	0.002	0.3	0.006	9.0	0.9855022383466738
0.6	4.0	0.002	0.3	0.006	14.5	0.9855022383466738
0.6	4.0	0.002	0.3	0.006	20.0	0.9855022383466738
0.6	4.0	0.002	0.3	0.009	9.0	0.9855022383466738
0.6	4.0	0.002	0.3	0.009	14.5	0.9855022383466738
0.6	4.0	0.002	0.3	0.009	20.0	0.9855022383466738
0.6	4.0	0.004	0.25	0.003	9.0	1.016917044428612
0.6	4.0	0.004	0.25	0.003	14.5	1.0195532519319914
0.6	4.0	0.004	0.25	0.003	20.0	1.021091039642296
0.6	4.0	0.004	0.25	0.006	9.0	0.9909943373120477
0.6	4.0	0.004	0.25	0.006	14.5	0.9918730731465074
0.6	4.0	0.004	0.25	0.006	20.0	0.9923124410637374
0.6	4.0	0.004	0.25	0.009	9.0	0.9846235025122141
0.6	4.0	0.004	0.25	0.009	14.5	0.9846235025122141
0.6	4.0	0.004	0.25	0.009	20.0	0.9846235025122141
0.6	4.0	0.004	0.275	0.003	9.0	1.016917044428612
0.6	4.0	0.004	0.275	0.003	14.5	1.0195532519319914
0.6	4.0	0.004	0.275	0.003	20.0	1.021091039642296
0.6	4.0	0.004	0.275	0.006	9.0	0.9909943373120477
0.6	4.0	0.004	0.275	0.006	14.5	0.9918730731465074
0.6	4.0	0.004	0.275	0.006	20.0	0.9923124410637374
0.6	4.0	0.004	0.275	0.009	9.0	0.9846235025122141
0.6	4.0	0.004	0.275	0.009	14.5	0.9846235025122141
0.6	4.0	0.004	0.275	0.009	20.0	0.9846235025122141
0.6	4.0	0.004	0.3	0.003	9.0	1.017136728387227
0.6	4.0	0.004	0.3	0.003	14.5	1.0197729358906062
0.6	4.0	0.004	0.3	0.003	20.0	1.021091039642296
0.6	4.0	0.004	0.3	0.006	9.0	0.9909943373120477
0.6	4.0	0.004	0.3	0.006	14.5	0.9918730731465074
0.6	4.0	0.004	0.3	0.006	20.0	0.9923124410637374
0.6	4.0	0.004	0.3	0.009	9.0	0.9846235025122141
0.6	4.0	0.004	0.3	0.009	14.5	0.9846235025122141
0.6	4.0	0.004	0.3	0.009	20.0	0.9846235025122141
0.6	4.0	0.006	0.25	0.003	9.0	1.0710325262340952
0.6	4.0	0.006	0.25	0.003	14.5	1.0802592524959234
0.6	4.0	0.006	0.25	0.003	20.0	1.086263947364732
0.6	4.0	0.006	0.25	0.006	9.0	1.0000013796152607
0.6	4.0	0.006	0.25	0.006	14.5	1.0014659393393603
0.6	4.0	0.006	0.25	0.006	20.0	1.0024911311462301
0.6	4.0	0.006	0.25	0.009	9.0	0.989603005574153
0.6	4.0	0.006	0.25	0.009	14.5	0.9906281973810228
0.6	4.0	0.006	0.25	0.009	20.0	0.9910675652982527
0.6	4.0	0.006	0.275	0.003	9.0	1.0710325262340952
0.6	4.0	0.006	0.275	0.003	14.5	1.0802592524959234
0.6	4.0	0.006	0.275	0.003	20.0	1.086263947364732
0.6	4.0	0.006	0.275	0.006	9.0	1.0000013796152607
0.6	4.0	0.006	0.275	0.006	14.5	1.0014659393393603
0.6	4.0	0.006	0.275	0.006	20.0	1.0024911311462301
0.6	4.0	0.006	0.275	0.009	9.0	0.989603005574153
0.6	4.0	0.006	0.275	0.009	14.5	0.9906281973810228
0.6	4.0	0.006	0.275	0.009	20.0	0.9910675652982527
0.6	4.0	0.006	0.3	0.003	9.0	1.0710325262340952
0.6	4.0	0.006	0.3	0.003	14.5	1.0802592524959234
0.6	4.0	0.006	0.3	0.003	20.0	1.086263947364732
0.6	4.0	0.006	0.3	0.006	9.0	1.0000013796152607
0.6	4.0	0.006	0.3	0.006	14.5	1.0014659393393603
0.6	4.0	0.006	0.3	0.006	20.0	1.0024911311462301
0.6	4.0	0.006	0.3	0.009	9.0	0.989603005574153
0.6	4.0	0.006	0.3	0.009	14.5	0.9906281973810228
0.6	4.0	0.006	0.3	0.009	20.0	0.9910675652982527
0.6	5.0	0.002	0.25	0.003	9.0	1.0187711770393217
0.6	5.0	0.002	0.25	0.003	14.5	1.0193335679733762
0.6	5.0	0.002	0.25	0.003	20.0	1.0196147634404034
0.6	5.0	0.002	0.25	0.006	9.0	1.0052737946220192
0.6	5.0	0.002	0.25	0.006	14.5	1.0052737946220192
0.6	5.0	0.002	0.25	0.006	20.0	1.0052737946220192
0.6	5.0	0.002	0.25	0.009	9.0	1.0052737946220192
0.6	5.0	0.002	0.25	0.009	14.5	1.0052737946220192
0.6	5.0	0.002	0.25	0.009	20.0	1.0052737946220192
0.6	5.0	0.002	0.275	0.003	9.0	1.0187711770393217
0.6	5.0	0.002	0.275	0.003	14.5	1.0193335679733762
0.6	5.0	0.002	0.275	0.003	20.0	1.0196147634404034
0.6	5.0	0.002	0.275	0.006	9.0	1.0052737946220192
0.6	5.0	0.002	0.275	0.006	14.5	1.0052737946220192
0.6	5.0	0.002	0.275	0.006	20.0	1.0052737946220192
0.6	5.0	0.002	0.275	0.009	9.0	1.0052737946220192
0.6	5.0	0.002	0.275	0.009	14.5	1.0052737946220192
0.6	5.0	0.002	0.275	0.009	20.0	1.0052737946220192
0.6	5.0	0.002	0.3	0.003	9.0	1.0187711770393217
0.6	5.0	0.002	0.3	0.003	14.5	1.0193335679733762
0.6	5.0	0.002	0.3	0.003	20.0	1.0196147634404034
0.6	5.0	0.002	0.3	0.006	9.0	1.0052737946220192
0.6	5.0	0.002	0.3	0.006	14.5	1.0052737946220192
0.6	5.0	0.002	0.3	0.006	20.0	1.0052737946220192
0.6	5.0	0.002	0.3	0.009	9.0	1.0052737946220192
0.6	5.0	0.002	0.3	0.009	14.5	1.0052737946220192
0.6	5.0	0.002	0.3	0.009	20.0	1.0052737946220192
0.6	5.0	0.004	0.25	0.003	9.0	1.061794083494474
0.6	5.0	0.004	0.25	0.003	14.5	1.067277395101503
0.6	5.0	0.004	0.25	0.003	20.0	1.0705111429723153
0.6	5.0	0.004	0.25	0.006	9.0	1.0165216133031048
0.6	5.0	0.004	0.25	0.006	14.5	1.0173651997041862
0.6	5.0	0.004	0.25	0.006	20.0	1.0179275906382403
0.6	5.0	0.004	0.25	0.009	9.0	1.006960967424182
0.6	5.0	0.004	0.25	0.009	14.5	1.0072421628912092
0.6	5.0	0.004	0.25	0.009	20.0	1.0073827606247228
0.6	5.0	0.004	0.275	0.003	9.0	1.061794083494474
0.6	5.0	0.004	0.275	0.003	14.5	1.0674179928350167
0.6	5.0	0.004	0.275	0.003	20.0	1.0705111429723153
0.6	5.0	0.004	0.275	0.006	9.0	1.0165216133031048
0.6	5.0	0.004	0.275	0.006	14.5	1.0173651997041862
0.6	5.0	0.004	0.275	0.006	20.0	1.0179275906382403
0.6	5.0	0.004	0.275	0.009	9.0	1.006960967424182
0.6	5.0	0.004	0.275	0.009	14.5	1.0072421628912092
0.6	5.0	0.004	0.275	0.009	20.0	1.0073827606247228
0.6	5.0	0.004	0.3	0.003	9.0	1.061794083494474
0.6	5.0	0.004	0.3	0.003	14.5	1.0674179928350167
0.6	5.0	0.004	0.3	0.003	20.0	1.0705111429723153
0.6	5.0	0.004	0.3	0.006	9.0	1.0165216133031048
0.6	5.0	0.004	0.3	0.006	14.5	1.0173651997041862
0.6	5.0	0.004	0.3	0.006	20.0	1.0179275906382403
0.6	5.0	0.004	0.3	0.009	9.0	1.006960967424182
0.6	5.0	0.004	0.3	0.009	14.5	1.0072421628912092
0.6	5.0	0.004	0.3	0.009	20.0	1.0073827606247228
0.6	5.0	0.006	0.25	0.003	9.0	1.1529014148112668
0.6	5.0	0.006	0.25	0.003	14.5	1.1725850975031664
0.6	5.0	0.006	0.25	0.003	20.0	1.1828955979608282
0.6	5.0	0.006	0.25	0.006	9.0	1.0291754093193262
0.6	5.0	0.006	0.25	0.006	14.5	1.0329246822130214
0.6	5.0	0.006	0.25	0.006	20.0	1.034799318659869
0.6	5.0	0.006	0.25	0.009	9.0	1.0141783177445454
0.6	5.0	0.006	0.25	0.009	14.5	1.016052954191393
0.6	5.0	0.006	0.25	0.009	20.0	1.016052954191393
0.6	5.0	0.006	0.275	0.003	9.0	1.1529014148112668
0.6	5.0	0.006	0.275	0.003	14.5	1.1725850975031664
0.6	5.0	0.006	0.275	0.003	20.0	1.1828955979608282
0.6	5.0	0.006	0.275	0.006	9.0	1.0291754093193262
0.6	5.0	0.006	0.275	0.006	14.5	1.0329246822130214
0.6	5.0	0.006	0.275	0.006	20.0	1.034799318659869
0.6	5.0	0.006	0.275	0.009	9.0	1.0141783177445454
0.6	5.0	0.006	0.275	0.009	14.5	1.016052954191393
0.6	5.0	0.006	0.275	0.009	20.0	1.016052954191393
0.6	5.0	0.006	0.3	0.003	9.0	1.1529014148112668
0.6	5.0	0.006	0.3	0.003	14.5	1.1725850975031664
0.6	5.0	0.006	0.3	0.003	20.0	1.1828955979608282
0.6	5.0	0.006	0.3	0.006	9.0	1.0291754093193262
0.6	5.0	0.006	0.3	0.006	14.5	1.0329246822130214
0.6	5.0	0.006	0.3	0.006	20.0	1.034799318659869
0.6	5.0	0.006	0.3	0.009	9.0	1.0141783177445454
0.6	5.0	0.006	0.3	0.009	14.5	1.016052954191393
0.6	5.0	0.006	0.3	0.009	20.0	1.016052954191393
0.6	6.0	0.002	0.25	0.003	9.0	1.0390563055912518
0.6	6.0	0.002	0.25	0.003	14.5	1.0404232280004118
0.6	6.0	0.002	0.25	0.003	20.0	1.0408137772601715
0.6	6.0	0.002	0.25	0.006	9.0	1.0216768635319358
0.6	6.0	0.002	0.25	0.006	14.5	1.0216768635319358
0.6	6.0	0.002	0.25	0.006	20.0	1.0216768635319358
0.6	6.0	0.002	0.25	0.009	9.0	1.0191382933434963
0.6	6.0	0.002	0.25	0.009	14.5	1.0191382933434963
0.6	6.0	0.002	0.25	0.009	20.0	1.0191382933434963
0.6	6.0	0.002	0.275	0.003	9.0	1.0390563055912518
0.6	6.0	0.002	0.275	0.003	14.5	1.0404232280004118
0.6	6.0	0.002	0.275	0.003	20.0	1.0408137772601715
0.6	6.0	0.002	0.275	0.006	9.0	1.0216768635319358
0.6	6.0	0.002	0.275	0.006	14.5	1.0216768635319358
0.6	6.0	0.002	0.275	0.006	20.0	1.0216768635319358
0.6	6.0	0.002	0.275	0.009	9.0	1.0191382933434963
0.6	6.0	0.002	0.275	0.009	14.5	1.0191382933434963
0.6	6.0	0.002	0.275	0.009	20.0	1.0191382933434963
0.6	6.0	0.002	0.3	0.003	9.0	1.0390563055912518
0.6	6.0	0.002	0.3	0.003	14.5	1.0404232280004118
0.6	6.0	0.002	0.3	0.003	20.0	1.0408137772601715
0.6	6.0	0.002	0.3	0.006	9.0	1.0216768635319358
0.6	6.0	0.002	0.3	0.006	14.5	1.0216768635319358
0.6	6.0	0.002	0.3	0.006	20.0	1.0216768635319358
0.6	6.0	0.002	0.3	0.009	9.0	1.0189430187136164
0.6	6.0	0.002	0.3	0.009	14.5	1.0189430187136164
0.6	6.0	0.002	0.3	0.009	20.0	1.0189430187136164
0.6	6.0	0.004	0.25	0.003	9.0	1.1081835245687566
0.6	6.0	0.004	0.25	0.003	14.5	1.1169708829133547
0.6	6.0	0.004	0.25	0.003	20.0	1.1218527486603536
0.6	6.0	0.004	0.25	0.006	9.0	1.0359319115131724
0.6	6.0	0.004	0.25	0.006	14.5	1.037884657811972
0.6	6.0	0.004	0.25	0.006	20.0	1.038861030961372
0.6	6.0	0.004	0.25	0.009	9.0	1.024215433720375
0.6	6.0	0.004	0.25	0.009	14.5	1.025191806869775
0.6	6.0	0.004	0.25	0.009	20.0	1.0261681800191746
0.6	6.0	0.004	0.275	0.003	9.0	1.1081835245687566
0.6	6.0	0.004	0.275	0.003	14.5	1.1169708829133547
0.6	6.0	0.004	0.275	0.003	20.0	1.1218527486603536
0.6	6.0	0.004	0.275	0.006	9.0	1.0359319115131724
0.6	6.0	0.004	0.275	0.006	14.5	1.037884657811972
0.6	6.0	0.004	0.275	0.006	20.0	1.038861030961372
0.6	6.0	0.004	0.275	0.009	9.0	1.024215433720375
0.6	6.0	0.004	0.275	0.009	14.5	1.025191806869775
0.6	6.0	0.004	0.275	0.009	20.0	1.0261681800191746
0.6	6.0	0.004	0.3	0.003	9.0	1.1081835245687566
0.6	6.0	0.004	0.3	0.003	14.5	1.1169708829133547
0.6	6.0	0.004	0.3	0.003	20.0	1.1218527486603536
0.6	6.0	0.004	0.3	0.006	9.0	1.0359319115131724
0.6	6.0	0.004	0.3	0.006	14.5	1.037884657811972
0.6	6.0	0.004	0.3	0.006	20.0	1.038861030961372
0.6	6.0	0.004	0.3	0.009	9.0	1.024215433720375
0.6	6.0	0.004	0.3	0.009	14.5	1.025191806869775
0.6	6.0	0.004	0.3	0.009	20.0	1.0261681800191746
0.6	6.0	0.006	0.25	0.003	9.0	1.2484558003658592
0.6	6.0	0.006	0.25	0.003	14.5	1.281652487445452
0.6	6.0	0.006	0.25	0.003	20.0	1.3044345275981135
0.6	6.0	0.006	0.25	0.006	9.0	1.0583884939493675
0.6	6.0	0.006	0.25	0.006	14.5	1.0629449019799
0.6	6.0	0.006	0.25	0.006	20.0	1.066199479144566
0.6	6.0	0.006	0.25	0.009	9.0	1.0336537074979064
0.6	6.0	0.006	0.25	0.009	14.5	1.036257369229639
0.6	6.0	0.006	0.25	0.009	20.0	1.0375592000955056
0.6	6.0	0.006	0.275	0.003	9.0	1.2484558003658592
0.6	6.0	0.006	0.275	0.003	14.5	1.281652487445452
0.6	6.0	0.006	0.275	0.003	20.0	1.3044345275981135
0.6	6.0	0.006	0.275	0.006	9.0	1.0583884939493675
0.6	6.0	0.006	0.275	0.006	14.5	1.0629449019799
0.6	6.0	0.006	0.275	0.006	20.0	1.066199479144566
0.6	6.0	0.006	0.275	0.009	9.0	1.0336537074979064
0.6	6.0	0.006	0.275	0.009	14.5	1.036257369229639
0.6	6.0	0.006	0.275	0.009	20.0	1.0375592000955056
0.6	6.0	0.006	0.3	0.003	9.0	1.2484558003658592
0.6	6.0	0.006	0.3	0.003	14.5	1.281652487445452
0.6	6.0	0.006	0.3	0.003	20.0	1.3044345275981135
0.6	6.0	0.006	0.3	0.006	9.0	1.0583884939493675
0.6	6.0	0.006	0.3	0.006	14.5	1.0629449019799
0.6	6.0	0.006	0.3	0.006	20.0	1.066199479144566
0.6	6.0	0.006	0.3	0.009	9.0	1.0336537074979064
0.6	6.0	0.006	0.3	0.009	14.5	1.036257369229639
0.6	6.0	0.006	0.3	0.009	20.0	1.0375592000955056
