1.0000 4.0000 2.0000 2.5000 3.0000 9.0000 0.9463700269418558
1.0000 4.0000 2.0000 2.5000 3.0000 14.5000 0.9463700269418558
1.0000 4.0000 2.0000 2.5000 3.0000 20.0000 0.9463700269418558
1.0000 4.0000 2.0000 2.5000 6.0000 9.0000 0.9461957735765563
1.0000 4.0000 2.0000 2.5000 6.0000 14.5000 0.9461957735765563
1.0000 4.0000 2.0000 2.5000 6.0000 20.0000 0.9461957735765563
1.0000 4.0000 2.0000 2.5000 9.0000 9.0000 0.9461957735765563
1.0000 4.0000 2.0000 2.5000 9.0000 14.5000 0.9461957735765563
1.0000 4.0000 2.0000 2.5000 9.0000 20.0000 0.9461957735765563
1.0000 4.0000 2.0000 2.7500 3.0000 9.0000 0.9463700269418558
1.0000 4.0000 2.0000 2.7500 3.0000 14.5000 0.9463700269418558
1.0000 4.0000 2.0000 2.7500 3.0000 20.0000 0.9463700269418558
1.0000 4.0000 2.0000 2.7500 6.0000 9.0000 0.9461957735765563
1.0000 4.0000 2.0000 2.7500 6.0000 14.5000 0.9461957735765563
1.0000 4.0000 2.0000 2.7500 6.0000 20.0000 0.9461957735765563
1.0000 4.0000 2.0000 2.7500 9.0000 9.0000 0.9461957735765563
1.0000 4.0000 2.0000 2.7500 9.0000 14.5000 0.9461957735765563
1.0000 4.0000 2.0000 2.7500 9.0000 20.0000 0.9461957735765563
1.0000 4.0000 2.0000 3.0000 3.0000 9.0000 0.9463700269418558
1.0000 4.0000 2.0000 3.0000 3.0000 14.5000 0.9463700269418558
1.0000 4.0000 2.0000 3.0000 3.0000 20.0000 0.9463700269418558
1.0000 4.0000 2.0000 3.0000 6.0000 9.0000 0.9461957735765563
1.0000 4.0000 2.0000 3.0000 6.0000 14.5000 0.9461957735765563
1.0000 4.0000 2.0000 3.0000 6.0000 20.0000 0.9461957735765563
1.0000 4.0000 2.0000 3.0000 9.0000 9.0000 0.9461957735765563
1.0000 4.0000 2.0000 3.0000 9.0000 14.5000 0.9461957735765563
1.0000 4.0000 2.0000 3.0000 9.0000 20.0000 0.9461957735765563
1.0000 4.0000 4.0000 2.5000 3.0000 9.0000 0.9470670404030540
1.0000 4.0000 4.0000 2.5000 3.0000 14.5000 0.9471977304270286
1.0000 4.0000 4.0000 2.5000 3.0000 20.0000 0.9472412937683535
1.0000 4.0000 4.0000 2.5000 6.0000 9.0000 0.9461522102352313
1.0000 4.0000 4.0000 2.5000 6.0000 14.5000 0.9461522102352313
1.0000 4.0000 4.0000 2.5000 6.0000 20.0000 0.9461957735765563
1.0000 4.0000 4.0000 2.5000 9.0000 9.0000 0.9459779568699318
1.0000 4.0000 4.0000 2.5000 9.0000 14.5000 0.9459779568699318
1.0000 4.0000 4.0000 2.5000 9.0000 20.0000 0.9459779568699318
1.0000 4.0000 4.0000 2.7500 3.0000 9.0000 0.9470670404030540
1.0000 4.0000 4.0000 2.7500 3.0000 14.5000 0.9471977304270286
1.0000 4.0000 4.0000 2.7500 3.0000 20.0000 0.9472412937683535
1.0000 4.0000 4.0000 2.7500 6.0000 9.0000 0.9461522102352313
1.0000 4.0000 4.0000 2.7500 6.0000 14.5000 0.9461522102352313
1.0000 4.0000 4.0000 2.7500 6.0000 20.0000 0.9461957735765563
1.0000 4.0000 4.0000 2.7500 9.0000 9.0000 0.9459779568699318
1.0000 4.0000 4.0000 2.7500 9.0000 14.5000 0.9459779568699318
1.0000 4.0000 4.0000 2.7500 9.0000 20.0000 0.9459779568699318
1.0000 4.0000 4.0000 3.0000 3.0000 9.0000 0.9470670404030540
1.0000 4.0000 4.0000 3.0000 3.0000 14.5000 0.9471977304270286
1.0000 4.0000 4.0000 3.0000 3.0000 20.0000 0.9472412937683535
1.0000 4.0000 4.0000 3.0000 6.0000 9.0000 0.9461522102352313
1.0000 4.0000 4.0000 3.0000 6.0000 14.5000 0.9461522102352313
1.0000 4.0000 4.0000 3.0000 6.0000 20.0000 0.9461957735765563
1.0000 4.0000 4.0000 3.0000 9.0000 9.0000 0.9459779568699318
1.0000 4.0000 4.0000 3.0000 9.0000 14.5000 0.9459779568699318
1.0000 4.0000 4.0000 3.0000 9.0000 20.0000 0.9459779568699318
1.0000 4.0000 6.0000 2.5000 3.0000 9.0000 0.9483158561877010
1.0000 4.0000 6.0000 2.5000 3.0000 14.5000 0.9485772362356502
1.0000 4.0000 6.0000 2.5000 3.0000 20.0000 0.9487514896009498
1.0000 4.0000 6.0000 2.5000 6.0000 9.0000 0.9463409847143062
1.0000 4.0000 6.0000 2.5000 6.0000 14.5000 0.9463990691694057
1.0000 4.0000 6.0000 2.5000 6.0000 20.0000 0.9463990691694057
1.0000 4.0000 6.0000 2.5000 9.0000 9.0000 0.9459053513010571
1.0000 4.0000 6.0000 2.5000 9.0000 14.5000 0.9459343935286071
1.0000 4.0000 6.0000 2.5000 9.0000 20.0000 0.9459343935286071
1.0000 4.0000 6.0000 2.7500 3.0000 9.0000 0.9483158561877010
1.0000 4.0000 6.0000 2.7500 3.0000 14.5000 0.9485772362356502
1.0000 4.0000 6.0000 2.7500 3.0000 20.0000 0.9487514896009498
1.0000 4.0000 6.0000 2.7500 6.0000 9.0000 0.9463409847143062
1.0000 4.0000 6.0000 2.7500 6.0000 14.5000 0.9463990691694057
1.0000 4.0000 6.0000 2.7500 6.0000 20.0000 0.9463990691694057
1.0000 4.0000 6.0000 2.7500 9.0000 9.0000 0.9459053513010571
1.0000 4.0000 6.0000 2.7500 9.0000 14.5000 0.9459343935286071
1.0000 4.0000 6.0000 2.7500 9.0000 20.0000 0.9459343935286071
1.0000 4.0000 6.0000 3.0000 3.0000 9.0000 0.9483158561877010
1.0000 4.0000 6.0000 3.0000 3.0000 14.5000 0.9485772362356502
1.0000 4.0000 6.0000 3.0000 3.0000 20.0000 0.9487514896009498
1.0000 4.0000 6.0000 3.0000 6.0000 9.0000 0.9463409847143062
1.0000 4.0000 6.0000 3.0000 6.0000 14.5000 0.9463990691694057
1.0000 4.0000 6.0000 3.0000 6.0000 20.0000 0.9463990691694057
1.0000 4.0000 6.0000 3.0000 9.0000 9.0000 0.9459053513010571
1.0000 4.0000 6.0000 3.0000 9.0000 14.5000 0.9459343935286071
1.0000 4.0000 6.0000 3.0000 9.0000 20.0000 0.9459343935286071
1.0000 5.0000 2.0000 2.5000 3.0000 9.0000 0.9731980750633746
1.0000 5.0000 2.0000 2.5000 3.0000 14.5000 0.9731980750633746
1.0000 5.0000 2.0000 2.5000 3.0000 20.0000 0.9732538361402705
1.0000 5.0000 2.0000 2.5000 6.0000 9.0000 0.9727519864482078
1.0000 5.0000 2.0000 2.5000 6.0000 14.5000 0.9727519864482078
1.0000 5.0000 2.0000 2.5000 6.0000 20.0000 0.9727519864482078
1.0000 5.0000 2.0000 2.5000 9.0000 9.0000 0.9727519864482078
1.0000 5.0000 2.0000 2.5000 9.0000 14.5000 0.9727519864482078
1.0000 5.0000 2.0000 2.5000 9.0000 20.0000 0.9727519864482078
1.0000 5.0000 2.0000 2.7500 3.0000 9.0000 0.9731980750633746
1.0000 5.0000 2.0000 2.7500 3.0000 14.5000 0.9731980750633746
1.0000 5.0000 2.0000 2.7500 3.0000 20.0000 0.9732538361402705
1.0000 5.0000 2.0000 2.7500 6.0000 9.0000 0.9727519864482078
1.0000 5.0000 2.0000 2.7500 6.0000 14.5000 0.9727519864482078
1.0000 5.0000 2.0000 2.7500 6.0000 20.0000 0.9727519864482078
1.0000 5.0000 2.0000 2.7500 9.0000 9.0000 0.9727519864482078
1.0000 5.0000 2.0000 2.7500 9.0000 14.5000 0.9727519864482078
1.0000 5.0000 2.0000 2.7500 9.0000 20.0000 0.9727519864482078
1.0000 5.0000 2.0000 3.0000 3.0000 9.0000 0.9731980750633746
1.0000 5.0000 2.0000 3.0000 3.0000 14.5000 0.9731980750633746
1.0000 5.0000 2.0000 3.0000 3.0000 20.0000 0.9732538361402705
1.0000 5.0000 2.0000 3.0000 6.0000 9.0000 0.9727519864482078
1.0000 5.0000 2.0000 3.0000 6.0000 14.5000 0.9727519864482078
1.0000 5.0000 2.0000 3.0000 6.0000 20.0000 0.9727519864482078
1.0000 5.0000 2.0000 3.0000 9.0000 9.0000 0.9727519864482078
1.0000 5.0000 2.0000 3.0000 9.0000 14.5000 0.9727519864482078
1.0000 5.0000 2.0000 3.0000 9.0000 20.0000 0.9727519864482078
1.0000 5.0000 4.0000 2.5000 3.0000 9.0000 0.9743132966012917
1.0000 5.0000 4.0000 2.5000 3.0000 14.5000 0.9744526992935314
1.0000 5.0000 4.0000 2.5000 3.0000 20.0000 0.9745363409088752
1.0000 5.0000 4.0000 2.5000 6.0000 9.0000 0.9728635086019995
1.0000 5.0000 4.0000 2.5000 6.0000 14.5000 0.9729192696788955
1.0000 5.0000 4.0000 2.5000 6.0000 20.0000 0.9729471502173433
1.0000 5.0000 4.0000 2.5000 9.0000 9.0000 0.9725568226790723
1.0000 5.0000 4.0000 2.5000 9.0000 14.5000 0.9725568226790723
1.0000 5.0000 4.0000 2.5000 9.0000 20.0000 0.9725568226790723
1.0000 5.0000 4.0000 2.7500 3.0000 9.0000 0.9743132966012917
1.0000 5.0000 4.0000 2.7500 3.0000 14.5000 0.9744526992935314
1.0000 5.0000 4.0000 2.7500 3.0000 20.0000 0.9745363409088752
1.0000 5.0000 4.0000 2.7500 6.0000 9.0000 0.9728635086019995
1.0000 5.0000 4.0000 2.7500 6.0000 14.5000 0.9729192696788955
1.0000 5.0000 4.0000 2.7500 6.0000 20.0000 0.9729471502173433
1.0000 5.0000 4.0000 2.7500 9.0000 9.0000 0.9725568226790723
1.0000 5.0000 4.0000 2.7500 9.0000 14.5000 0.9725568226790723
1.0000 5.0000 4.0000 2.7500 9.0000 20.0000 0.9725568226790723
1.0000 5.0000 4.0000 3.0000 3.0000 9.0000 0.9743132966012917
1.0000 5.0000 4.0000 3.0000 3.0000 14.5000 0.9744526992935314
1.0000 5.0000 4.0000 3.0000 3.0000 20.0000 0.9745363409088752
1.0000 5.0000 4.0000 3.0000 6.0000 9.0000 0.9728635086019995
1.0000 5.0000 4.0000 3.0000 6.0000 14.5000 0.9729192696788955
1.0000 5.0000 4.0000 3.0000 6.0000 20.0000 0.9729471502173433
1.0000 5.0000 4.0000 3.0000 9.0000 9.0000 0.9725568226790723
1.0000 5.0000 4.0000 3.0000 9.0000 14.5000 0.9725568226790723
1.0000 5.0000 4.0000 3.0000 9.0000 20.0000 0.9725568226790723
1.0000 5.0000 6.0000 2.5000 3.0000 9.0000 0.9765437396771262
1.0000 5.0000 6.0000 2.5000 3.0000 14.5000 0.9769526542410291
1.0000 5.0000 6.0000 2.5000 3.0000 20.0000 0.9772314596255083
1.0000 5.0000 6.0000 2.5000 6.0000 9.0000 0.9731609010121108
1.0000 5.0000 6.0000 2.5000 6.0000 14.5000 0.9732724231659026
1.0000 5.0000 6.0000 2.5000 6.0000 20.0000 0.9733281842427983
1.0000 5.0000 6.0000 2.5000 9.0000 9.0000 0.9725847032175202
1.0000 5.0000 6.0000 2.5000 9.0000 14.5000 0.9726404642944161
1.0000 5.0000 6.0000 2.5000 9.0000 20.0000 0.9726776383456801
1.0000 5.0000 6.0000 2.7500 3.0000 9.0000 0.9765437396771262
1.0000 5.0000 6.0000 2.7500 3.0000 14.5000 0.9769526542410291
1.0000 5.0000 6.0000 2.7500 3.0000 20.0000 0.9772314596255083
1.0000 5.0000 6.0000 2.7500 6.0000 9.0000 0.9731609010121108
1.0000 5.0000 6.0000 2.7500 6.0000 14.5000 0.9732724231659026
1.0000 5.0000 6.0000 2.7500 6.0000 20.0000 0.9733281842427983
1.0000 5.0000 6.0000 2.7500 9.0000 9.0000 0.9725847032175202
1.0000 5.0000 6.0000 2.7500 9.0000 14.5000 0.9726404642944161
1.0000 5.0000 6.0000 2.7500 9.0000 20.0000 0.9726776383456801
1.0000 5.0000 6.0000 3.0000 3.0000 9.0000 0.9765437396771262
1.0000 5.0000 6.0000 3.0000 3.0000 14.5000 0.9769526542410291
1.0000 5.0000 6.0000 3.0000 3.0000 20.0000 0.9772314596255083
1.0000 5.0000 6.0000 3.0000 6.0000 9.0000 0.9731609010121108
1.0000 5.0000 6.0000 3.0000 6.0000 14.5000 0.9732724231659026
1.0000 5.0000 6.0000 3.0000 6.0000 20.0000 0.9733281842427983
1.0000 5.0000 6.0000 3.0000 9.0000 9.0000 0.9725847032175202
1.0000 5.0000 6.0000 3.0000 9.0000 14.5000 0.9726404642944161
1.0000 5.0000 6.0000 3.0000 9.0000 20.0000 0.9726776383456801
1.0000 6.0000 2.0000 2.5000 3.0000 9.0000 0.9927020606265027
1.0000 6.0000 2.0000 2.5000 3.0000 14.5000 0.9927020606265027
1.0000 6.0000 2.0000 2.5000 3.0000 20.0000 0.9927020606265027
1.0000 6.0000 2.0000 2.5000 6.0000 9.0000 0.9920050471653045
1.0000 6.0000 2.0000 2.5000 6.0000 14.5000 0.9920050471653045
1.0000 6.0000 2.0000 2.5000 6.0000 20.0000 0.9920050471653045
1.0000 6.0000 2.0000 2.5000 9.0000 9.0000 0.9920050471653045
1.0000 6.0000 2.0000 2.5000 9.0000 14.5000 0.9920050471653045
1.0000 6.0000 2.0000 2.5000 9.0000 20.0000 0.9920050471653045
1.0000 6.0000 2.0000 2.7500 3.0000 9.0000 0.9927020606265027
1.0000 6.0000 2.0000 2.7500 3.0000 14.5000 0.9927020606265027
1.0000 6.0000 2.0000 2.7500 3.0000 20.0000 0.9927020606265027
1.0000 6.0000 2.0000 2.7500 6.0000 9.0000 0.9920050471653045
1.0000 6.0000 2.0000 2.7500 6.0000 14.5000 0.9920050471653045
1.0000 6.0000 2.0000 2.7500 6.0000 20.0000 0.9920050471653045
1.0000 6.0000 2.0000 2.7500 9.0000 9.0000 0.9920050471653045
1.0000 6.0000 2.0000 2.7500 9.0000 14.5000 0.9920050471653045
1.0000 6.0000 2.0000 2.7500 9.0000 20.0000 0.9920050471653045
1.0000 6.0000 2.0000 3.0000 3.0000 9.0000 0.9927020606265027
1.0000 6.0000 2.0000 3.0000 3.0000 14.5000 0.9927020606265027
1.0000 6.0000 2.0000 3.0000 3.0000 20.0000 0.9927020606265027
1.0000 6.0000 2.0000 3.0000 6.0000 9.0000 0.9920050471653045
1.0000 6.0000 2.0000 3.0000 6.0000 14.5000 0.9920050471653045
1.0000 6.0000 2.0000 3.0000 6.0000 20.0000 0.9920050471653045
1.0000 6.0000 2.0000 3.0000 9.0000 9.0000 0.9920050471653045
1.0000 6.0000 2.0000 3.0000 9.0000 14.5000 0.9920050471653045
1.0000 6.0000 2.0000 3.0000 9.0000 20.0000 0.9920050471653045
1.0000 6.0000 4.0000 2.5000 3.0000 9.0000 0.9945220402196313
1.0000 6.0000 4.0000 2.5000 3.0000 14.5000 0.9947350165549974
1.0000 6.0000 4.0000 2.5000 3.0000 20.0000 0.9948511854651971
1.0000 6.0000 4.0000 2.5000 6.0000 9.0000 0.9923341924108703
1.0000 6.0000 4.0000 2.5000 6.0000 14.5000 0.9923922768659702
1.0000 6.0000 4.0000 2.5000 6.0000 20.0000 0.9924116383510034
1.0000 6.0000 4.0000 2.5000 9.0000 9.0000 0.9918501552850383
1.0000 6.0000 4.0000 2.5000 9.0000 14.5000 0.9918888782551049
1.0000 6.0000 4.0000 2.5000 9.0000 20.0000 0.9919082397401381
1.0000 6.0000 4.0000 2.7500 3.0000 9.0000 0.9945220402196313
1.0000 6.0000 4.0000 2.7500 3.0000 14.5000 0.9947350165549974
1.0000 6.0000 4.0000 2.7500 3.0000 20.0000 0.9948511854651971
1.0000 6.0000 4.0000 2.7500 6.0000 9.0000 0.9923341924108703
1.0000 6.0000 4.0000 2.7500 6.0000 14.5000 0.9923922768659702
1.0000 6.0000 4.0000 2.7500 6.0000 20.0000 0.9924116383510034
1.0000 6.0000 4.0000 2.7500 9.0000 9.0000 0.9918501552850383
1.0000 6.0000 4.0000 2.7500 9.0000 14.5000 0.9918888782551049
1.0000 6.0000 4.0000 2.7500 9.0000 20.0000 0.9919082397401381
1.0000 6.0000 4.0000 3.0000 3.0000 9.0000 0.9945220402196313
1.0000 6.0000 4.0000 3.0000 3.0000 14.5000 0.9947350165549974
1.0000 6.0000 4.0000 3.0000 3.0000 20.0000 0.9948511854651971
1.0000 6.0000 4.0000 3.0000 6.0000 9.0000 0.9923341924108703
1.0000 6.0000 4.0000 3.0000 6.0000 14.5000 0.9923922768659702
1.0000 6.0000 4.0000 3.0000 6.0000 20.0000 0.9924116383510034
1.0000 6.0000 4.0000 3.0000 9.0000 9.0000 0.9918501552850383
1.0000 6.0000 4.0000 3.0000 9.0000 14.5000 0.9918888782551049
1.0000 6.0000 4.0000 3.0000 9.0000 20.0000 0.9919082397401381
1.0000 6.0000 6.0000 2.5000 3.0000 9.0000 0.9977618620485341
1.0000 6.0000 6.0000 2.5000 3.0000 14.5000 0.9983943372262880
1.0000 6.0000 6.0000 2.5000 3.0000 20.0000 0.9987557516135760
1.0000 6.0000 6.0000 2.5000 6.0000 9.0000 0.9927924142233246
1.0000 6.0000 6.0000 2.5000 6.0000 14.5000 0.9929602137602798
1.0000 6.0000 6.0000 2.5000 6.0000 20.0000 0.9930505673571018
1.0000 6.0000 6.0000 2.5000 9.0000 9.0000 0.9920050471653045
1.0000 6.0000 6.0000 2.5000 9.0000 14.5000 0.9920824931054376
1.0000 6.0000 6.0000 2.5000 9.0000 20.0000 0.9921212160755042
1.0000 6.0000 6.0000 2.7500 3.0000 9.0000 0.9977618620485341
1.0000 6.0000 6.0000 2.7500 3.0000 14.5000 0.9983943372262880
1.0000 6.0000 6.0000 2.7500 3.0000 20.0000 0.9987557516135760
1.0000 6.0000 6.0000 2.7500 6.0000 9.0000 0.9927924142233246
1.0000 6.0000 6.0000 2.7500 6.0000 14.5000 0.9929602137602798
1.0000 6.0000 6.0000 2.7500 6.0000 20.0000 0.9930505673571018
1.0000 6.0000 6.0000 2.7500 9.0000 9.0000 0.9920050471653045
1.0000 6.0000 6.0000 2.7500 9.0000 14.5000 0.9920824931054376
1.0000 6.0000 6.0000 2.7500 9.0000 20.0000 0.9921212160755042
1.0000 6.0000 6.0000 3.0000 3.0000 9.0000 0.9977618620485341
1.0000 6.0000 6.0000 3.0000 3.0000 14.5000 0.9983814295695992
1.0000 6.0000 6.0000 3.0000 3.0000 20.0000 0.9987557516135760
1.0000 6.0000 6.0000 3.0000 6.0000 9.0000 0.9927924142233246
1.0000 6.0000 6.0000 3.0000 6.0000 14.5000 0.9929602137602798
1.0000 6.0000 6.0000 3.0000 6.0000 20.0000 0.9930505673571018
1.0000 6.0000 6.0000 3.0000 9.0000 9.0000 0.9920050471653045
1.0000 6.0000 6.0000 3.0000 9.0000 14.5000 0.9920824931054376
1.0000 6.0000 6.0000 3.0000 9.0000 20.0000 0.9921212160755042
3.5000 4.0000 2.0000 2.5000 3.0000 9.0000 0.9902162755726278
3.5000 4.0000 2.0000 2.5000 3.0000 14.5000 0.9902162755726278
3.5000 4.0000 2.0000 2.5000 3.0000 20.0000 0.9902162755726278
3.5000 4.0000 2.0000 2.5000 6.0000 9.0000 0.9902162755726278
3.5000 4.0000 2.0000 2.5000 6.0000 14.5000 0.9902162755726278
3.5000 4.0000 2.0000 2.5000 6.0000 20.0000 0.9902162755726278
3.5000 4.0000 2.0000 2.5000 9.0000 9.0000 0.9902162755726278
3.5000 4.0000 2.0000 2.5000 9.0000 14.5000 0.9902162755726278
3.5000 4.0000 2.0000 2.5000 9.0000 20.0000 0.9902162755726278
3.5000 4.0000 2.0000 2.7500 3.0000 9.0000 0.9901954359338625
3.5000 4.0000 2.0000 2.7500 3.0000 14.5000 0.9901954359338625
3.5000 4.0000 2.0000 2.7500 3.0000 20.0000 0.9901954359338625
3.5000 4.0000 2.0000 2.7500 6.0000 9.0000 0.9901954359338625
3.5000 4.0000 2.0000 2.7500 6.0000 14.5000 0.9901954359338625
3.5000 4.0000 2.0000 2.7500 6.0000 20.0000 0.9901954359338625
3.5000 4.0000 2.0000 2.7500 9.0000 9.0000 0.9901954359338625
3.5000 4.0000 2.0000 2.7500 9.0000 14.5000 0.9901954359338625
3.5000 4.0000 2.0000 2.7500 9.0000 20.0000 0.9901954359338625
3.5000 4.0000 2.0000 3.0000 3.0000 9.0000 0.9901954359338625
3.5000 4.0000 2.0000 3.0000 3.0000 14.5000 0.9901954359338625
3.5000 4.0000 2.0000 3.0000 3.0000 20.0000 0.9901954359338625
3.5000 4.0000 2.0000 3.0000 6.0000 9.0000 0.9901954359338625
3.5000 4.0000 2.0000 3.0000 6.0000 14.5000 0.9901954359338625
3.5000 4.0000 2.0000 3.0000 6.0000 20.0000 0.9901954359338625
3.5000 4.0000 2.0000 3.0000 9.0000 9.0000 0.9901954359338625
3.5000 4.0000 2.0000 3.0000 9.0000 14.5000 0.9901954359338625
3.5000 4.0000 2.0000 3.0000 9.0000 20.0000 0.9901954359338625
3.5000 4.0000 4.0000 2.5000 3.0000 9.0000 0.9943737835063078
3.5000 4.0000 4.0000 2.5000 3.0000 14.5000 0.9946342789908742
3.5000 4.0000 4.0000 2.5000 3.0000 20.0000 0.9947488970040834
3.5000 4.0000 4.0000 2.5000 6.0000 9.0000 0.9898515818942348
3.5000 4.0000 4.0000 2.5000 6.0000 14.5000 0.9898515818942348
3.5000 4.0000 4.0000 2.5000 6.0000 20.0000 0.9898515818942348
3.5000 4.0000 4.0000 2.5000 9.0000 9.0000 0.9898515818942348
3.5000 4.0000 4.0000 2.5000 9.0000 14.5000 0.9898515818942348
3.5000 4.0000 4.0000 2.5000 9.0000 20.0000 0.9898515818942348
3.5000 4.0000 4.0000 2.7500 3.0000 9.0000 0.9943737835063078
3.5000 4.0000 4.0000 2.7500 3.0000 14.5000 0.9946342789908742
3.5000 4.0000 4.0000 2.7500 3.0000 20.0000 0.9947488970040834
3.5000 4.0000 4.0000 2.7500 6.0000 9.0000 0.9898411620748522
3.5000 4.0000 4.0000 2.7500 6.0000 14.5000 0.9898411620748522
3.5000 4.0000 4.0000 2.7500 6.0000 20.0000 0.9898411620748522
3.5000 4.0000 4.0000 2.7500 9.0000 9.0000 0.9898411620748522
3.5000 4.0000 4.0000 2.7500 9.0000 14.5000 0.9898411620748522
3.5000 4.0000 4.0000 2.7500 9.0000 20.0000 0.9898411620748522
3.5000 4.0000 4.0000 3.0000 3.0000 9.0000 0.9943842033256904
3.5000 4.0000 4.0000 3.0000 3.0000 14.5000 0.9946446988102569
3.5000 4.0000 4.0000 3.0000 3.0000 20.0000 0.9947593168234661
3.5000 4.0000 4.0000 3.0000 6.0000 9.0000 0.9898411620748522
3.5000 4.0000 4.0000 3.0000 6.0000 14.5000 0.9898411620748522
3.5000 4.0000 4.0000 3.0000 6.0000 20.0000 0.9898411620748522
3.5000 4.0000 4.0000 3.0000 9.0000 9.0000 0.9898411620748522
3.5000 4.0000 4.0000 3.0000 9.0000 14.5000 0.9898411620748522
3.5000 4.0000 4.0000 3.0000 9.0000 20.0000 0.9898411620748522
3.5000 4.0000 6.0000 2.5000 3.0000 9.0000 0.9982186968585083
3.5000 4.0000 6.0000 2.5000 3.0000 14.5000 0.9989133514840188
3.5000 4.0000 6.0000 2.5000 3.0000 20.0000 0.9996080061095292
3.5000 4.0000 6.0000 2.5000 6.0000 9.0000 0.9905774959778935
3.5000 4.0000 6.0000 2.5000 6.0000 14.5000 0.9905774959778935
3.5000 4.0000 6.0000 2.5000 6.0000 20.0000 0.9905774959778935
3.5000 4.0000 6.0000 2.5000 9.0000 9.0000 0.9891881867268725
3.5000 4.0000 6.0000 2.5000 9.0000 14.5000 0.9891881867268725
3.5000 4.0000 6.0000 2.5000 9.0000 20.0000 0.9891881867268725
3.5000 4.0000 6.0000 2.7500 3.0000 9.0000 0.9982186968585083
3.5000 4.0000 6.0000 2.7500 3.0000 14.5000 0.9989133514840188
3.5000 4.0000 6.0000 2.7500 3.0000 20.0000 0.9996080061095292
3.5000 4.0000 6.0000 2.7500 6.0000 9.0000 0.9905774959778935
3.5000 4.0000 6.0000 2.7500 6.0000 14.5000 0.9905774959778935
3.5000 4.0000 6.0000 2.7500 6.0000 20.0000 0.9905774959778935
3.5000 4.0000 6.0000 2.7500 9.0000 9.0000 0.9891881867268725
3.5000 4.0000 6.0000 2.7500 9.0000 14.5000 0.9891881867268725
3.5000 4.0000 6.0000 2.7500 9.0000 20.0000 0.9891881867268725
3.5000 4.0000 6.0000 3.0000 3.0000 9.0000 0.9982186968585083
3.5000 4.0000 6.0000 3.0000 3.0000 14.5000 0.9989133514840188
3.5000 4.0000 6.0000 3.0000 3.0000 20.0000 0.9996080061095292
3.5000 4.0000 6.0000 3.0000 6.0000 9.0000 0.9905774959778935
3.5000 4.0000 6.0000 3.0000 6.0000 14.5000 0.9905774959778935
3.5000 4.0000 6.0000 3.0000 6.0000 20.0000 0.9905774959778935
3.5000 4.0000 6.0000 3.0000 9.0000 9.0000 0.9891881867268725
3.5000 4.0000 6.0000 3.0000 9.0000 14.5000 0.9891881867268725
3.5000 4.0000 6.0000 3.0000 9.0000 20.0000 0.9891881867268725
3.5000 5.0000 2.0000 2.5000 3.0000 9.0000 1.0216691255683397
3.5000 5.0000 2.0000 2.5000 3.0000 14.5000 1.0216691255683397
3.5000 5.0000 2.0000 2.5000 3.0000 20.0000 1.0216691255683397
3.5000 5.0000 2.0000 2.5000 6.0000 9.0000 1.0216691255683397
3.5000 5.0000 2.0000 2.5000 6.0000 14.5000 1.0216691255683397
3.5000 5.0000 2.0000 2.5000 6.0000 20.0000 1.0216691255683397
3.5000 5.0000 2.0000 2.5000 9.0000 9.0000 1.0216691255683397
3.5000 5.0000 2.0000 2.5000 9.0000 14.5000 1.0216691255683397
3.5000 5.0000 2.0000 2.5000 9.0000 20.0000 1.0216691255683397
3.5000 5.0000 2.0000 2.7500 3.0000 9.0000 1.0216691255683397
3.5000 5.0000 2.0000 2.7500 3.0000 14.5000 1.0216691255683397
3.5000 5.0000 2.0000 2.7500 3.0000 20.0000 1.0216691255683397
3.5000 5.0000 2.0000 2.7500 6.0000 9.0000 1.0216691255683397
3.5000 5.0000 2.0000 2.7500 6.0000 14.5000 1.0216691255683397
3.5000 5.0000 2.0000 2.7500 6.0000 20.0000 1.0216691255683397
3.5000 5.0000 2.0000 2.7500 9.0000 9.0000 1.0216691255683397
3.5000 5.0000 2.0000 2.7500 9.0000 14.5000 1.0216691255683397
3.5000 5.0000 2.0000 2.7500 9.0000 20.0000 1.0216691255683397
3.5000 5.0000 2.0000 3.0000 3.0000 9.0000 1.0216557881995301
3.5000 5.0000 2.0000 3.0000 3.0000 14.5000 1.0216557881995301
3.5000 5.0000 2.0000 3.0000 3.0000 20.0000 1.0216557881995301
3.5000 5.0000 2.0000 3.0000 6.0000 9.0000 1.0216557881995301
3.5000 5.0000 2.0000 3.0000 6.0000 14.5000 1.0216557881995301
3.5000 5.0000 2.0000 3.0000 6.0000 20.0000 1.0216557881995301
3.5000 5.0000 2.0000 3.0000 9.0000 9.0000 1.0216557881995301
3.5000 5.0000 2.0000 3.0000 9.0000 14.5000 1.0216557881995301
3.5000 5.0000 2.0000 3.0000 9.0000 20.0000 1.0216557881995301
3.5000 5.0000 4.0000 2.5000 3.0000 9.0000 1.0283111352356205
3.5000 5.0000 4.0000 2.5000 3.0000 14.5000 1.0289780036761105
3.5000 5.0000 4.0000 2.5000 3.0000 20.0000 1.0289780036761105
3.5000 5.0000 4.0000 2.5000 6.0000 9.0000 1.0209755823902302
3.5000 5.0000 4.0000 2.5000 6.0000 14.5000 1.0209755823902302
3.5000 5.0000 4.0000 2.5000 6.0000 20.0000 1.0209755823902302
3.5000 5.0000 4.0000 2.5000 9.0000 9.0000 1.0209755823902302
3.5000 5.0000 4.0000 2.5000 9.0000 14.5000 1.0209755823902302
3.5000 5.0000 4.0000 2.5000 9.0000 20.0000 1.0209755823902302
3.5000 5.0000 4.0000 2.7500 3.0000 9.0000 1.0283111352356205
3.5000 5.0000 4.0000 2.7500 3.0000 14.5000 1.0289780036761105
3.5000 5.0000 4.0000 2.7500 3.0000 20.0000 1.0289780036761105
3.5000 5.0000 4.0000 2.7500 6.0000 9.0000 1.0209755823902302
3.5000 5.0000 4.0000 2.7500 6.0000 14.5000 1.0209755823902302
3.5000 5.0000 4.0000 2.7500 6.0000 20.0000 1.0209755823902302
3.5000 5.0000 4.0000 2.7500 9.0000 9.0000 1.0209755823902302
3.5000 5.0000 4.0000 2.7500 9.0000 14.5000 1.0209755823902302
3.5000 5.0000 4.0000 2.7500 9.0000 20.0000 1.0209755823902302
3.5000 5.0000 4.0000 3.0000 3.0000 9.0000 1.0283111352356205
3.5000 5.0000 4.0000 3.0000 3.0000 14.5000 1.0289780036761105
3.5000 5.0000 4.0000 3.0000 3.0000 20.0000 1.0289780036761105
3.5000 5.0000 4.0000 3.0000 6.0000 9.0000 1.0209755823902302
3.5000 5.0000 4.0000 3.0000 6.0000 14.5000 1.0209755823902302
3.5000 5.0000 4.0000 3.0000 6.0000 20.0000 1.0209755823902302
3.5000 5.0000 4.0000 3.0000 9.0000 9.0000 1.0209755823902302
3.5000 5.0000 4.0000 3.0000 9.0000 14.5000 1.0209755823902302
3.5000 5.0000 4.0000 3.0000 9.0000 20.0000 1.0209755823902302
3.5000 5.0000 6.0000 2.5000 3.0000 9.0000 1.0367581354818274
3.5000 5.0000 6.0000 2.5000 3.0000 14.5000 1.0380918723628074
3.5000 5.0000 6.0000 2.5000 3.0000 20.0000 1.0389810302834608
3.5000 5.0000 6.0000 2.5000 6.0000 9.0000 1.0243099245926803
3.5000 5.0000 6.0000 2.5000 6.0000 14.5000 1.0247545035530070
3.5000 5.0000 6.0000 2.5000 6.0000 20.0000 1.0247545035530070
3.5000 5.0000 6.0000 2.5000 9.0000 9.0000 1.0207532929100669
3.5000 5.0000 6.0000 2.5000 9.0000 14.5000 1.0207532929100669
3.5000 5.0000 6.0000 2.5000 9.0000 20.0000 1.0207532929100669
3.5000 5.0000 6.0000 2.7500 3.0000 9.0000 1.0367581354818274
3.5000 5.0000 6.0000 2.7500 3.0000 14.5000 1.0380918723628074
3.5000 5.0000 6.0000 2.7500 3.0000 20.0000 1.0389810302834608
3.5000 5.0000 6.0000 2.7500 6.0000 9.0000 1.0243099245926803
3.5000 5.0000 6.0000 2.7500 6.0000 14.5000 1.0247545035530070
3.5000 5.0000 6.0000 2.7500 6.0000 20.0000 1.0247545035530070
3.5000 5.0000 6.0000 2.7500 9.0000 9.0000 1.0207532929100669
3.5000 5.0000 6.0000 2.7500 9.0000 14.5000 1.0207532929100669
3.5000 5.0000 6.0000 2.7500 9.0000 20.0000 1.0207532929100669
3.5000 5.0000 6.0000 3.0000 3.0000 9.0000 1.0367581354818274
3.5000 5.0000 6.0000 3.0000 3.0000 14.5000 1.0380918723628074
3.5000 5.0000 6.0000 3.0000 3.0000 20.0000 1.0389810302834608
3.5000 5.0000 6.0000 3.0000 6.0000 9.0000 1.0243099245926803
3.5000 5.0000 6.0000 3.0000 6.0000 14.5000 1.0247545035530070
3.5000 5.0000 6.0000 3.0000 6.0000 20.0000 1.0247545035530070
3.5000 5.0000 6.0000 3.0000 9.0000 9.0000 1.0207532929100669
3.5000 5.0000 6.0000 3.0000 9.0000 14.5000 1.0207532929100669
3.5000 5.0000 6.0000 3.0000 9.0000 20.0000 1.0207532929100669
3.5000 6.0000 2.0000 2.5000 3.0000 9.0000 1.0447605567677076
3.5000 6.0000 2.0000 2.5000 3.0000 14.5000 1.0447605567677076
3.5000 6.0000 2.0000 2.5000 3.0000 20.0000 1.0447605567677076
3.5000 6.0000 2.0000 2.5000 6.0000 9.0000 1.0429081444330131
3.5000 6.0000 2.0000 2.5000 6.0000 14.5000 1.0429081444330131
3.5000 6.0000 2.0000 2.5000 6.0000 20.0000 1.0429081444330131
3.5000 6.0000 2.0000 2.5000 9.0000 9.0000 1.0429081444330131
3.5000 6.0000 2.0000 2.5000 9.0000 14.5000 1.0429081444330131
3.5000 6.0000 2.0000 2.5000 9.0000 20.0000 1.0429081444330131
3.5000 6.0000 2.0000 2.7500 3.0000 9.0000 1.0447605567677076
3.5000 6.0000 2.0000 2.7500 3.0000 14.5000 1.0447605567677076
3.5000 6.0000 2.0000 2.7500 3.0000 20.0000 1.0447605567677076
3.5000 6.0000 2.0000 2.7500 6.0000 9.0000 1.0429081444330131
3.5000 6.0000 2.0000 2.7500 6.0000 14.5000 1.0429081444330131
3.5000 6.0000 2.0000 2.7500 6.0000 20.0000 1.0429081444330131
3.5000 6.0000 2.0000 2.7500 9.0000 9.0000 1.0429081444330131
3.5000 6.0000 2.0000 2.7500 9.0000 14.5000 1.0429081444330131
3.5000 6.0000 2.0000 2.7500 9.0000 20.0000 1.0429081444330131
3.5000 6.0000 2.0000 3.0000 3.0000 9.0000 1.0447605567677076
3.5000 6.0000 2.0000 3.0000 3.0000 14.5000 1.0447605567677076
3.5000 6.0000 2.0000 3.0000 3.0000 20.0000 1.0447605567677076
3.5000 6.0000 2.0000 3.0000 6.0000 9.0000 1.0429081444330131
3.5000 6.0000 2.0000 3.0000 6.0000 14.5000 1.0429081444330131
3.5000 6.0000 2.0000 3.0000 6.0000 20.0000 1.0429081444330131
3.5000 6.0000 2.0000 3.0000 9.0000 9.0000 1.0429081444330131
3.5000 6.0000 2.0000 3.0000 9.0000 14.5000 1.0429081444330131
3.5000 6.0000 2.0000 3.0000 9.0000 20.0000 1.0429081444330131
3.5000 6.0000 4.0000 2.5000 3.0000 9.0000 1.0517071030228120
3.5000 6.0000 4.0000 2.5000 3.0000 14.5000 1.0526333091901594
3.5000 6.0000 4.0000 2.5000 3.0000 20.0000 1.0526333091901594
3.5000 6.0000 4.0000 2.5000 6.0000 9.0000 1.0438343506003604
3.5000 6.0000 4.0000 2.5000 6.0000 14.5000 1.0438343506003604
3.5000 6.0000 4.0000 2.5000 6.0000 20.0000 1.0438343506003604
3.5000 6.0000 4.0000 2.5000 9.0000 9.0000 1.0424450413493396
3.5000 6.0000 4.0000 2.5000 9.0000 14.5000 1.0424450413493396
3.5000 6.0000 4.0000 2.5000 9.0000 20.0000 1.0424450413493396
3.5000 6.0000 4.0000 2.7500 3.0000 9.0000 1.0517071030228120
3.5000 6.0000 4.0000 2.7500 3.0000 14.5000 1.0526333091901594
3.5000 6.0000 4.0000 2.7500 3.0000 20.0000 1.0526333091901594
3.5000 6.0000 4.0000 2.7500 6.0000 9.0000 1.0438343506003604
3.5000 6.0000 4.0000 2.7500 6.0000 14.5000 1.0438343506003604
3.5000 6.0000 4.0000 2.7500 6.0000 20.0000 1.0438343506003604
3.5000 6.0000 4.0000 2.7500 9.0000 9.0000 1.0424450413493396
3.5000 6.0000 4.0000 2.7500 9.0000 14.5000 1.0424450413493396
3.5000 6.0000 4.0000 2.7500 9.0000 20.0000 1.0424450413493396
3.5000 6.0000 4.0000 3.0000 3.0000 9.0000 1.0517071030228120
3.5000 6.0000 4.0000 3.0000 3.0000 14.5000 1.0526333091901594
3.5000 6.0000 4.0000 3.0000 3.0000 20.0000 1.0526333091901594
3.5000 6.0000 4.0000 3.0000 6.0000 9.0000 1.0438343506003604
3.5000 6.0000 4.0000 3.0000 6.0000 14.5000 1.0438343506003604
3.5000 6.0000 4.0000 3.0000 6.0000 20.0000 1.0438343506003604
3.5000 6.0000 4.0000 3.0000 9.0000 9.0000 1.0424450413493396
3.5000 6.0000 4.0000 3.0000 9.0000 14.5000 1.0424450413493396
3.5000 6.0000 4.0000 3.0000 9.0000 20.0000 1.0424450413493396
3.5000 6.0000 6.0000 2.5000 3.0000 9.0000 1.0676069755622732
3.5000 6.0000 6.0000 2.5000 3.0000 14.5000 1.0700768586751994
3.5000 6.0000 6.0000 2.5000 3.0000 20.0000 1.0710030648425466
3.5000 6.0000 6.0000 2.5000 6.0000 9.0000 1.0472304398806336
3.5000 6.0000 6.0000 2.5000 6.0000 14.5000 1.0481566460479810
3.5000 6.0000 6.0000 2.5000 6.0000 20.0000 1.0484653814370966
3.5000 6.0000 6.0000 2.5000 9.0000 9.0000 1.0432168798221289
3.5000 6.0000 6.0000 2.5000 9.0000 14.5000 1.0432168798221289
3.5000 6.0000 6.0000 2.5000 9.0000 20.0000 1.0432168798221289
3.5000 6.0000 6.0000 2.7500 3.0000 9.0000 1.0676069755622732
3.5000 6.0000 6.0000 2.7500 3.0000 14.5000 1.0700768586751994
3.5000 6.0000 6.0000 2.7500 3.0000 20.0000 1.0710030648425466
3.5000 6.0000 6.0000 2.7500 6.0000 9.0000 1.0472304398806336
3.5000 6.0000 6.0000 2.7500 6.0000 14.5000 1.0481566460479810
3.5000 6.0000 6.0000 2.7500 6.0000 20.0000 1.0484653814370966
3.5000 6.0000 6.0000 2.7500 9.0000 9.0000 1.0432168798221289
3.5000 6.0000 6.0000 2.7500 9.0000 14.5000 1.0432168798221289
3.5000 6.0000 6.0000 2.7500 9.0000 20.0000 1.0432168798221289
3.5000 6.0000 6.0000 3.0000 3.0000 9.0000 1.0676069755622732
3.5000 6.0000 6.0000 3.0000 3.0000 14.5000 1.0700768586751994
3.5000 6.0000 6.0000 3.0000 3.0000 20.0000 1.0713118002316624
3.5000 6.0000 6.0000 3.0000 6.0000 9.0000 1.0472304398806336
3.5000 6.0000 6.0000 3.0000 6.0000 14.5000 1.0481566460479810
3.5000 6.0000 6.0000 3.0000 6.0000 20.0000 1.0484653814370966
3.5000 6.0000 6.0000 3.0000 9.0000 9.0000 1.0432168798221289
3.5000 6.0000 6.0000 3.0000 9.0000 14.5000 1.0432168798221289
3.5000 6.0000 6.0000 3.0000 9.0000 20.0000 1.0432168798221289
6.0000 4.0000 2.0000 2.5000 3.0000 9.0000 0.9929714929395822
6.0000 4.0000 2.0000 2.5000 3.0000 14.5000 0.9938502287740421
6.0000 4.0000 2.0000 2.5000 3.0000 20.0000 0.9938502287740421
6.0000 4.0000 2.0000 2.5000 6.0000 9.0000 0.9855022383466738
6.0000 4.0000 2.0000 2.5000 6.0000 14.5000 0.9855022383466738
6.0000 4.0000 2.0000 2.5000 6.0000 20.0000 0.9855022383466738
6.0000 4.0000 2.0000 2.5000 9.0000 9.0000 0.9855022383466738
6.0000 4.0000 2.0000 2.5000 9.0000 14.5000 0.9855022383466738
6.0000 4.0000 2.0000 2.5000 9.0000 20.0000 0.9855022383466738
6.0000 4.0000 2.0000 2.7500 3.0000 9.0000 0.9929714929395822
6.0000 4.0000 2.0000 2.7500 3.0000 14.5000 0.9938502287740421
6.0000 4.0000 2.0000 2.7500 3.0000 20.0000 0.9938502287740421
6.0000 4.0000 2.0000 2.7500 6.0000 9.0000 0.9855022383466738
6.0000 4.0000 2.0000 2.7500 6.0000 14.5000 0.9855022383466738
6.0000 4.0000 2.0000 2.7500 6.0000 20.0000 0.9855022383466738
6.0000 4.0000 2.0000 2.7500 9.0000 9.0000 0.9855022383466738
6.0000 4.0000 2.0000 2.7500 9.0000 14.5000 0.9855022383466738
6.0000 4.0000 2.0000 2.7500 9.0000 20.0000 0.9855022383466738
6.0000 4.0000 2.0000 3.0000 3.0000 9.0000 0.9929714929395822
6.0000 4.0000 2.0000 3.0000 3.0000 14.5000 0.9938502287740421
6.0000 4.0000 2.0000 3.0000 3.0000 20.0000 0.9938502287740421
6.0000 4.0000 2.0000 3.0000 6.0000 9.0000 0.9855022383466738
6.0000 4.0000 2.0000 3.0000 6.0000 14.5000 0.9855022383466738
6.0000 4.0000 2.0000 3.0000 6.0000 20.0000 0.9855022383466738
6.0000 4.0000 2.0000 3.0000 9.0000 9.0000 0.9855022383466738
6.0000 4.0000 2.0000 3.0000 9.0000 14.5000 0.9855022383466738
6.0000 4.0000 2.0000 3.0000 9.0000 20.0000 0.9855022383466738
6.0000 4.0000 4.0000 2.5000 3.0000 9.0000 1.0169170444286120
6.0000 4.0000 4.0000 2.5000 3.0000 14.5000 1.0195532519319914
6.0000 4.0000 4.0000 2.5000 3.0000 20.0000 1.0210910396422961
6.0000 4.0000 4.0000 2.5000 6.0000 9.0000 0.9909943373120477
6.0000 4.0000 4.0000 2.5000 6.0000 14.5000 0.9918730731465074
6.0000 4.0000 4.0000 2.5000 6.0000 20.0000 0.9923124410637374
6.0000 4.0000 4.0000 2.5000 9.0000 9.0000 0.9846235025122141
6.0000 4.0000 4.0000 2.5000 9.0000 14.5000 0.9846235025122141
6.0000 4.0000 4.0000 2.5000 9.0000 20.0000 0.9846235025122141
6.0000 4.0000 4.0000 2.7500 3.0000 9.0000 1.0169170444286120
6.0000 4.0000 4.0000 2.7500 3.0000 14.5000 1.0195532519319914
6.0000 4.0000 4.0000 2.7500 3.0000 20.0000 1.0210910396422961
6.0000 4.0000 4.0000 2.7500 6.0000 9.0000 0.9909943373120477
6.0000 4.0000 4.0000 2.7500 6.0000 14.5000 0.9918730731465074
6.0000 4.0000 4.0000 2.7500 6.0000 20.0000 0.9923124410637374
6.0000 4.0000 4.0000 2.7500 9.0000 9.0000 0.9846235025122141
6.0000 4.0000 4.0000 2.7500 9.0000 14.5000 0.9846235025122141
6.0000 4.0000 4.0000 2.7500 9.0000 20.0000 0.9846235025122141
6.0000 4.0000 4.0000 3.0000 3.0000 9.0000 1.0171367283872270
6.0000 4.0000 4.0000 3.0000 3.0000 14.5000 1.0197729358906062
6.0000 4.0000 4.0000 3.0000 3.0000 20.0000 1.0210910396422961
6.0000 4.0000 4.0000 3.0000 6.0000 9.0000 0.9909943373120477
6.0000 4.0000 4.0000 3.0000 6.0000 14.5000 0.9918730731465074
6.0000 4.0000 4.0000 3.0000 6.0000 20.0000 0.9923124410637374
6.0000 4.0000 4.0000 3.0000 9.0000 9.0000 0.9846235025122141
6.0000 4.0000 4.0000 3.0000 9.0000 14.5000 0.9846235025122141
6.0000 4.0000 4.0000 3.0000 9.0000 20.0000 0.9846235025122141
6.0000 4.0000 6.0000 2.5000 3.0000 9.0000 1.0710325262340952
6.0000 4.0000 6.0000 2.5000 3.0000 14.5000 1.0802592524959234
6.0000 4.0000 6.0000 2.5000 3.0000 20.0000 1.0862639473647320
6.0000 4.0000 6.0000 2.5000 6.0000 9.0000 1.0000013796152607
6.0000 4.0000 6.0000 2.5000 6.0000 14.5000 1.0014659393393603
6.0000 4.0000 6.0000 2.5000 6.0000 20.0000 1.0024911311462301
6.0000 4.0000 6.0000 2.5000 9.0000 9.0000 0.9896030055741530
6.0000 4.0000 6.0000 2.5000 9.0000 14.5000 0.9906281973810228
6.0000 4.0000 6.0000 2.5000 9.0000 20.0000 0.9910675652982527
6.0000 4.0000 6.0000 2.7500 3.0000 9.0000 1.0710325262340952
6.0000 4.0000 6.0000 2.7500 3.0000 14.5000 1.0802592524959234
6.0000 4.0000 6.0000 2.7500 3.0000 20.0000 1.0862639473647320
6.0000 4.0000 6.0000 2.7500 6.0000 9.0000 1.0000013796152607
6.0000 4.0000 6.0000 2.7500 6.0000 14.5000 1.0014659393393603
6.0000 4.0000 6.0000 2.7500 6.0000 20.0000 1.0024911311462301
6.0000 4.0000 6.0000 2.7500 9.0000 9.0000 0.9896030055741530
6.0000 4.0000 6.0000 2.7500 9.0000 14.5000 0.9906281973810228
6.0000 4.0000 6.0000 2.7500 9.0000 20.0000 0.9910675652982527
6.0000 4.0000 6.0000 3.0000 3.0000 9.0000 1.0710325262340952
6.0000 4.0000 6.0000 3.0000 3.0000 14.5000 1.0802592524959234
6.0000 4.0000 6.0000 3.0000 3.0000 20.0000 1.0862639473647320
6.0000 4.0000 6.0000 3.0000 6.0000 9.0000 1.0000013796152607
6.0000 4.0000 6.0000 3.0000 6.0000 14.5000 1.0014659393393603
6.0000 4.0000 6.0000 3.0000 6.0000 20.0000 1.0024911311462301
6.0000 4.0000 6.0000 3.0000 9.0000 9.0000 0.9896030055741530
6.0000 4.0000 6.0000 3.0000 9.0000 14.5000 0.9906281973810228
6.0000 4.0000 6.0000 3.0000 9.0000 20.0000 0.9910675652982527
6.0000 5.0000 2.0000 2.5000 3.0000 9.0000 1.0187711770393217
6.0000 5.0000 2.0000 2.5000 3.0000 14.5000 1.0193335679733762
6.0000 5.0000 2.0000 2.5000 3.0000 20.0000 1.0196147634404034
6.0000 5.0000 2.0000 2.5000 6.0000 9.0000 1.0052737946220192
6.0000 5.0000 2.0000 2.5000 6.0000 14.5000 1.0052737946220192
6.0000 5.0000 2.0000 2.5000 6.0000 20.0000 1.0052737946220192
6.0000 5.0000 2.0000 2.5000 9.0000 9.0000 1.0052737946220192
6.0000 5.0000 2.0000 2.5000 9.0000 14.5000 1.0052737946220192
6.0000 5.0000 2.0000 2.5000 9.0000 20.0000 1.0052737946220192
6.0000 5.0000 2.0000 2.7500 3.0000 9.0000 1.0187711770393217
6.0000 5.0000 2.0000 2.7500 3.0000 14.5000 1.0193335679733762
6.0000 5.0000 2.0000 2.7500 3.0000 20.0000 1.0196147634404034
6.0000 5.0000 2.0000 2.7500 6.0000 9.0000 1.0052737946220192
6.0000 5.0000 2.0000 2.7500 6.0000 14.5000 1.0052737946220192
6.0000 5.0000 2.0000 2.7500 6.0000 20.0000 1.0052737946220192
6.0000 5.0000 2.0000 2.7500 9.0000 9.0000 1.0052737946220192
6.0000 5.0000 2.0000 2.7500 9.0000 14.5000 1.0052737946220192
6.0000 5.0000 2.0000 2.7500 9.0000 20.0000 1.0052737946220192
6.0000 5.0000 2.0000 3.0000 3.0000 9.0000 1.0187711770393217
6.0000 5.0000 2.0000 3.0000 3.0000 14.5000 1.0193335679733762
6.0000 5.0000 2.0000 3.0000 3.0000 20.0000 1.0196147634404034
6.0000 5.0000 2.0000 3.0000 6.0000 9.0000 1.0052737946220192
6.0000 5.0000 2.0000 3.0000 6.0000 14.5000 1.0052737946220192
6.0000 5.0000 2.0000 3.0000 6.0000 20.0000 1.0052737946220192
6.0000 5.0000 2.0000 3.0000 9.0000 9.0000 1.0052737946220192
6.0000 5.0000 2.0000 3.0000 9.0000 14.5000 1.0052737946220192
6.0000 5.0000 2.0000 3.0000 9.0000 20.0000 1.0052737946220192
6.0000 5.0000 4.0000 2.5000 3.0000 9.0000 1.0617940834944739
6.0000 5.0000 4.0000 2.5000 3.0000 14.5000 1.0672773951015031
6.0000 5.0000 4.0000 2.5000 3.0000 20.0000 1.0705111429723153
6.0000 5.0000 4.0000 2.5000 6.0000 9.0000 1.0165216133031048
6.0000 5.0000 4.0000 2.5000 6.0000 14.5000 1.0173651997041862
6.0000 5.0000 4.0000 2.5000 6.0000 20.0000 1.0179275906382403
6.0000 5.0000 4.0000 2.5000 9.0000 9.0000 1.0069609674241820
6.0000 5.0000 4.0000 2.5000 9.0000 14.5000 1.0072421628912092
6.0000 5.0000 4.0000 2.5000 9.0000 20.0000 1.0073827606247228
6.0000 5.0000 4.0000 2.7500 3.0000 9.0000 1.0617940834944739
6.0000 5.0000 4.0000 2.7500 3.0000 14.5000 1.0674179928350167
6.0000 5.0000 4.0000 2.7500 3.0000 20.0000 1.0705111429723153
6.0000 5.0000 4.0000 2.7500 6.0000 9.0000 1.0165216133031048
6.0000 5.0000 4.0000 2.7500 6.0000 14.5000 1.0173651997041862
6.0000 5.0000 4.0000 2.7500 6.0000 20.0000 1.0179275906382403
6.0000 5.0000 4.0000 2.7500 9.0000 9.0000 1.0069609674241820
6.0000 5.0000 4.0000 2.7500 9.0000 14.5000 1.0072421628912092
6.0000 5.0000 4.0000 2.7500 9.0000 20.0000 1.0073827606247228
6.0000 5.0000 4.0000 3.0000 3.0000 9.0000 1.0617940834944739
6.0000 5.0000 4.0000 3.0000 3.0000 14.5000 1.0674179928350167
6.0000 5.0000 4.0000 3.0000 3.0000 20.0000 1.0705111429723153
6.0000 5.0000 4.0000 3.0000 6.0000 9.0000 1.0165216133031048
6.0000 5.0000 4.0000 3.0000 6.0000 14.5000 1.0173651997041862
6.0000 5.0000 4.0000 3.0000 6.0000 20.0000 1.0179275906382403
6.0000 5.0000 4.0000 3.0000 9.0000 9.0000 1.0069609674241820
6.0000 5.0000 4.0000 3.0000 9.0000 14.5000 1.0072421628912092
6.0000 5.0000 4.0000 3.0000 9.0000 20.0000 1.0073827606247228
6.0000 5.0000 6.0000 2.5000 3.0000 9.0000 1.1529014148112668
6.0000 5.0000 6.0000 2.5000 3.0000 14.5000 1.1725850975031664
6.0000 5.0000 6.0000 2.5000 3.0000 20.0000 1.1828955979608282
6.0000 5.0000 6.0000 2.5000 6.0000 9.0000 1.0291754093193262
6.0000 5.0000 6.0000 2.5000 6.0000 14.5000 1.0329246822130214
6.0000 5.0000 6.0000 2.5000 6.0000 20.0000 1.0347993186598690
6.0000 5.0000 6.0000 2.5000 9.0000 9.0000 1.0141783177445454
6.0000 5.0000 6.0000 2.5000 9.0000 14.5000 1.0160529541913930
6.0000 5.0000 6.0000 2.5000 9.0000 20.0000 1.0160529541913930
6.0000 5.0000 6.0000 2.7500 3.0000 9.0000 1.1529014148112668
6.0000 5.0000 6.0000 2.7500 3.0000 14.5000 1.1725850975031664
6.0000 5.0000 6.0000 2.7500 3.0000 20.0000 1.1828955979608282
6.0000 5.0000 6.0000 2.7500 6.0000 9.0000 1.0291754093193262
6.0000 5.0000 6.0000 2.7500 6.0000 14.5000 1.0329246822130214
6.0000 5.0000 6.0000 2.7500 6.0000 20.0000 1.0347993186598690
6.0000 5.0000 6.0000 2.7500 9.0000 9.0000 1.0141783177445454
6.0000 5.0000 6.0000 2.7500 9.0000 14.5000 1.0160529541913930
6.0000 5.0000 6.0000 2.7500 9.0000 20.0000 1.0160529541913930
6.0000 5.0000 6.0000 3.0000 3.0000 9.0000 1.1529014148112668
6.0000 5.0000 6.0000 3.0000 3.0000 14.5000 1.1725850975031664
6.0000 5.0000 6.0000 3.0000 3.0000 20.0000 1.1828955979608282
6.0000 5.0000 6.0000 3.0000 6.0000 9.0000 1.0291754093193262
6.0000 5.0000 6.0000 3.0000 6.0000 14.5000 1.0329246822130214
6.0000 5.0000 6.0000 3.0000 6.0000 20.0000 1.0347993186598690
6.0000 5.0000 6.0000 3.0000 9.0000 9.0000 1.0141783177445454
6.0000 5.0000 6.0000 3.0000 9.0000 14.5000 1.0160529541913930
6.0000 5.0000 6.0000 3.0000 9.0000 20.0000 1.0160529541913930
6.0000 6.0000 2.0000 2.5000 3.0000 9.0000 1.0390563055912518
6.0000 6.0000 2.0000 2.5000 3.0000 14.5000 1.0404232280004118
6.0000 6.0000 2.0000 2.5000 3.0000 20.0000 1.0408137772601715
6.0000 6.0000 2.0000 2.5000 6.0000 9.0000 1.0216768635319358
6.0000 6.0000 2.0000 2.5000 6.0000 14.5000 1.0216768635319358
6.0000 6.0000 2.0000 2.5000 6.0000 20.0000 1.0216768635319358
6.0000 6.0000 2.0000 2.5000 9.0000 9.0000 1.0191382933434963
6.0000 6.0000 2.0000 2.5000 9.0000 14.5000 1.0191382933434963
6.0000 6.0000 2.0000 2.5000 9.0000 20.0000 1.0191382933434963
6.0000 6.0000 2.0000 2.7500 3.0000 9.0000 1.0390563055912518
6.0000 6.0000 2.0000 2.7500 3.0000 14.5000 1.0404232280004118
6.0000 6.0000 2.0000 2.7500 3.0000 20.0000 1.0408137772601715
6.0000 6.0000 2.0000 2.7500 6.0000 9.0000 1.0216768635319358
6.0000 6.0000 2.0000 2.7500 6.0000 14.5000 1.0216768635319358
6.0000 6.0000 2.0000 2.7500 6.0000 20.0000 1.0216768635319358
6.0000 6.0000 2.0000 2.7500 9.0000 9.0000 1.0191382933434963
6.0000 6.0000 2.0000 2.7500 9.0000 14.5000 1.0191382933434963
6.0000 6.0000 2.0000 2.7500 9.0000 20.0000 1.0191382933434963
6.0000 6.0000 2.0000 3.0000 3.0000 9.0000 1.0390563055912518
6.0000 6.0000 2.0000 3.0000 3.0000 14.5000 1.0404232280004118
6.0000 6.0000 2.0000 3.0000 3.0000 20.0000 1.0408137772601715
6.0000 6.0000 2.0000 3.0000 6.0000 9.0000 1.0216768635319358
6.0000 6.0000 2.0000 3.0000 6.0000 14.5000 1.0216768635319358
6.0000 6.0000 2.0000 3.0000 6.0000 20.0000 1.0216768635319358
6.0000 6.0000 2.0000 3.0000 9.0000 9.0000 1.0189430187136164
6.0000 6.0000 2.0000 3.0000 9.0000 14.5000 1.0189430187136164
6.0000 6.0000 2.0000 3.0000 9.0000 20.0000 1.0189430187136164
6.0000 6.0000 4.0000 2.5000 3.0000 9.0000 1.1081835245687566
6.0000 6.0000 4.0000 2.5000 3.0000 14.5000 1.1169708829133547
6.0000 6.0000 4.0000 2.5000 3.0000 20.0000 1.1218527486603536
6.0000 6.0000 4.0000 2.5000 6.0000 9.0000 1.0359319115131724
6.0000 6.0000 4.0000 2.5000 6.0000 14.5000 1.0378846578119720
6.0000 6.0000 4.0000 2.5000 6.0000 20.0000 1.0388610309613719
6.0000 6.0000 4.0000 2.5000 9.0000 9.0000 1.0242154337203750
6.0000 6.0000 4.0000 2.5000 9.0000 14.5000 1.0251918068697750
6.0000 6.0000 4.0000 2.5000 9.0000 20.0000 1.0261681800191746
6.0000 6.0000 4.0000 2.7500 3.0000 9.0000 1.1081835245687566
6.0000 6.0000 4.0000 2.7500 3.0000 14.5000 1.1169708829133547
6.0000 6.0000 4.0000 2.7500 3.0000 20.0000 1.1218527486603536
6.0000 6.0000 4.0000 2.7500 6.0000 9.0000 1.0359319115131724
6.0000 6.0000 4.0000 2.7500 6.0000 14.5000 1.0378846578119720
6.0000 6.0000 4.0000 2.7500 6.0000 20.0000 1.0388610309613719
6.0000 6.0000 4.0000 2.7500 9.0000 9.0000 1.0242154337203750
6.0000 6.0000 4.0000 2.7500 9.0000 14.5000 1.0251918068697750
6.0000 6.0000 4.0000 2.7500 9.0000 20.0000 1.0261681800191746
6.0000 6.0000 4.0000 3.0000 3.0000 9.0000 1.1081835245687566
6.0000 6.0000 4.0000 3.0000 3.0000 14.5000 1.1169708829133547
6.0000 6.0000 4.0000 3.0000 3.0000 20.0000 1.1218527486603536
6.0000 6.0000 4.0000 3.0000 6.0000 9.0000 1.0359319115131724
6.0000 6.0000 4.0000 3.0000 6.0000 14.5000 1.0378846578119720
6.0000 6.0000 4.0000 3.0000 6.0000 20.0000 1.0388610309613719
6.0000 6.0000 4.0000 3.0000 9.0000 9.0000 1.0242154337203750
6.0000 6.0000 4.0000 3.0000 9.0000 14.5000 1.0251918068697750
6.0000 6.0000 4.0000 3.0000 9.0000 20.0000 1.0261681800191746
6.0000 6.0000 6.0000 2.5000 3.0000 9.0000 1.2484558003658592
6.0000 6.0000 6.0000 2.5000 3.0000 14.5000 1.2816524874454520
6.0000 6.0000 6.0000 2.5000 3.0000 20.0000 1.3044345275981135
6.0000 6.0000 6.0000 2.5000 6.0000 9.0000 1.0583884939493675
6.0000 6.0000 6.0000 2.5000 6.0000 14.5000 1.0629449019799000
6.0000 6.0000 6.0000 2.5000 6.0000 20.0000 1.0661994791445659
6.0000 6.0000 6.0000 2.5000 9.0000 9.0000 1.0336537074979064
6.0000 6.0000 6.0000 2.5000 9.0000 14.5000 1.0362573692296391
6.0000 6.0000 6.0000 2.5000 9.0000 20.0000 1.0375592000955056
6.0000 6.0000 6.0000 2.7500 3.0000 9.0000 1.2484558003658592
6.0000 6.0000 6.0000 2.7500 3.0000 14.5000 1.2816524874454520
6.0000 6.0000 6.0000 2.7500 3.0000 20.0000 1.3044345275981135
6.0000 6.0000 6.0000 2.7500 6.0000 9.0000 1.0583884939493675
6.0000 6.0000 6.0000 2.7500 6.0000 14.5000 1.0629449019799000
6.0000 6.0000 6.0000 2.7500 6.0000 20.0000 1.0661994791445659
6.0000 6.0000 6.0000 2.7500 9.0000 9.0000 1.0336537074979064
6.0000 6.0000 6.0000 2.7500 9.0000 14.5000 1.0362573692296391
6.0000 6.0000 6.0000 2.7500 9.0000 20.0000 1.0375592000955056
6.0000 6.0000 6.0000 3.0000 3.0000 9.0000 1.2484558003658592
6.0000 6.0000 6.0000 3.0000 3.0000 14.5000 1.2816524874454520
6.0000 6.0000 6.0000 3.0000 3.0000 20.0000 1.3044345275981135
6.0000 6.0000 6.0000 3.0000 6.0000 9.0000 1.0583884939493675
6.0000 6.0000 6.0000 3.0000 6.0000 14.5000 1.0629449019799000
6.0000 6.0000 6.0000 3.0000 6.0000 20.0000 1.0661994791445659
6.0000 6.0000 6.0000 3.0000 9.0000 9.0000 1.0336537074979064
6.0000 6.0000 6.0000 3.0000 9.0000 14.5000 1.0362573692296391
6.0000 6.0000 6.0000 3.0000 9.0000 20.0000 1.0375592000955056
