    1.0000    2.0000    3.0000   28.8262
    1.0000    2.0000    3.1000   31.2965
    1.0000    2.0000    3.2000   33.9498
    1.0000    2.0000    3.3000   36.7935
    1.0000    2.0000    3.4000   39.8353
    1.0000    2.0000    3.5000   43.0827
    1.0000    2.0000    3.6000   46.5431
    1.0000    2.0000    3.7000   50.2241
    1.0000    2.0000    3.8000   54.1331
    1.0000    2.0000    3.9000   58.2779
    1.0000    2.0000    4.0000   62.6657
    1.0000    2.1000    3.0000   29.5381
    1.0000    2.1000    3.1000   32.0694
    1.0000    2.1000    3.2000   34.7882
    1.0000    2.1000    3.3000   37.7022
    1.0000    2.1000    3.4000   40.8191
    1.0000    2.1000    3.5000   44.1466
    1.0000    2.1000    3.6000   47.6925
    1.0000    2.1000    3.7000   51.4643
    1.0000    2.1000    3.8000   55.4700
    1.0000    2.1000    3.9000   59.7170
    1.0000    2.1000    4.0000   64.2132
    1.0000    2.2000    3.0000   30.2332
    1.0000    2.2000    3.1000   32.8241
    1.0000    2.2000    3.2000   35.6068
    1.0000    2.2000    3.3000   38.5894
    1.0000    2.2000    3.4000   41.7797
    1.0000    2.2000    3.5000   45.1855
    1.0000    2.2000    3.6000   48.8148
    1.0000    2.2000    3.7000   52.6754
    1.0000    2.2000    3.8000   56.7753
    1.0000    2.2000    3.9000   61.1223
    1.0000    2.2000    4.0000   65.7243
    1.0000    2.3000    3.0000   30.9127
    1.0000    2.3000    3.1000   33.5618
    1.0000    2.3000    3.2000   36.4071
    1.0000    2.3000    3.3000   39.4567
    1.0000    2.3000    3.4000   42.7186
    1.0000    2.3000    3.5000   46.2010
    1.0000    2.3000    3.6000   49.9119
    1.0000    2.3000    3.7000   53.8593
    1.0000    2.3000    3.8000   58.0513
    1.0000    2.3000    3.9000   62.4960
    1.0000    2.3000    4.0000   67.2015
    1.0000    2.4000    3.0000   31.5775
    1.0000    2.4000    3.1000   34.2836
    1.0000    2.4000    3.2000   37.1901
    1.0000    2.4000    3.3000   40.3053
    1.0000    2.4000    3.4000   43.6374
    1.0000    2.4000    3.5000   47.1947
    1.0000    2.4000    3.6000   50.9854
    1.0000    2.4000    3.7000   55.0177
    1.0000    2.4000    3.8000   59.2999
    1.0000    2.4000    3.9000   63.8402
    1.0000    2.4000    4.0000   68.6468
    1.0000    2.5000    3.0000   32.2287
    1.0000    2.5000    3.1000   34.9906
    1.0000    2.5000    3.2000   37.9570
    1.0000    2.5000    3.3000   41.1364
    1.0000    2.5000    3.4000   44.5373
    1.0000    2.5000    3.5000   48.1679
    1.0000    2.5000    3.6000   52.0367
    1.0000    2.5000    3.7000   56.1522
    1.0000    2.5000    3.8000   60.5227
    1.0000    2.5000    3.9000   65.1566
    1.0000    2.5000    4.0000   70.0624
    1.0000    2.6000    3.0000   32.8670
    1.0000    2.6000    3.1000   35.6835
    1.0000    2.6000    3.2000   38.7087
    1.0000    2.6000    3.3000   41.9511
    1.0000    2.6000    3.4000   45.4193
    1.0000    2.6000    3.5000   49.1218
    1.0000    2.6000    3.6000   53.0673
    1.0000    2.6000    3.7000   57.2642
    1.0000    2.6000    3.8000   61.7213
    1.0000    2.6000    3.9000   66.4470
    1.0000    2.6000    4.0000   71.4499
    1.0000    2.7000    3.0000   33.4930
    1.0000    2.7000    3.1000   36.3633
    1.0000    2.7000    3.2000   39.4461
    1.0000    2.7000    3.3000   42.7502
    1.0000    2.7000    3.4000   46.2845
    1.0000    2.7000    3.5000   50.0575
    1.0000    2.7000    3.6000   54.0782
    1.0000    2.7000    3.7000   58.3551
    1.0000    2.7000    3.8000   62.8970
    1.0000    2.7000    3.9000   67.7127
    1.0000    2.7000    4.0000   72.8110
    1.0000    2.8000    3.0000   34.1076
    1.0000    2.8000    3.1000   37.0305
    1.0000    2.8000    3.2000   40.1699
    1.0000    2.8000    3.3000   43.5347
    1.0000    2.8000    3.4000   47.1338
    1.0000    2.8000    3.5000   50.9761
    1.0000    2.8000    3.6000   55.0705
    1.0000    2.8000    3.7000   59.4259
    1.0000    2.8000    3.8000   64.0512
    1.0000    2.8000    3.9000   68.9553
    1.0000    2.8000    4.0000   74.1471
    1.0000    2.9000    3.0000   34.7114
    1.0000    2.9000    3.1000   37.6860
    1.0000    2.9000    3.2000   40.8809
    1.0000    2.9000    3.3000   44.3053
    1.0000    2.9000    3.4000   47.9681
    1.0000    2.9000    3.5000   51.8784
    1.0000    2.9000    3.6000   56.0453
    1.0000    2.9000    3.7000   60.4778
    1.0000    2.9000    3.8000   65.1849
    1.0000    2.9000    3.9000   70.1758
    1.0000    2.9000    4.0000   75.4595
    1.0000    3.0000    3.0000   35.3048
    1.0000    3.0000    3.1000   38.3302
    1.0000    3.0000    3.2000   41.5798
    1.0000    3.0000    3.3000   45.0627
    1.0000    3.0000    3.4000   48.7881
    1.0000    3.0000    3.5000   52.7653
    1.0000    3.0000    3.6000   57.0034
    1.0000    3.0000    3.7000   61.5117
    1.0000    3.0000    3.8000   66.2993
    1.0000    3.0000    3.9000   71.3755
    1.0000    3.0000    4.0000   76.7495
    1.1000    2.0000    3.0000   31.7088
    1.1000    2.0000    3.1000   34.4262
    1.1000    2.0000    3.2000   37.3448
    1.1000    2.0000    3.3000   40.4729
    1.1000    2.0000    3.4000   43.8189
    1.1000    2.0000    3.5000   47.3909
    1.1000    2.0000    3.6000   51.1974
    1.1000    2.0000    3.7000   55.2465
    1.1000    2.0000    3.8000   59.5465
    1.1000    2.0000    3.9000   64.1056
    1.1000    2.0000    4.0000   68.9323
    1.1000    2.1000    3.0000   32.4919
    1.1000    2.1000    3.1000   35.2763
    1.1000    2.1000    3.2000   38.2670
    1.1000    2.1000    3.3000   41.4724
    1.1000    2.1000    3.4000   44.9010
    1.1000    2.1000    3.5000   48.5613
    1.1000    2.1000    3.6000   52.4617
    1.1000    2.1000    3.7000   56.6108
    1.1000    2.1000    3.8000   61.0170
    1.1000    2.1000    3.9000   65.6887
    1.1000    2.1000    4.0000   70.6346
    1.1000    2.2000    3.0000   33.2565
    1.1000    2.2000    3.1000   36.1065
    1.1000    2.2000    3.2000   39.1675
    1.1000    2.2000    3.3000   42.4483
    1.1000    2.2000    3.4000   45.9576
    1.1000    2.2000    3.5000   49.7040
    1.1000    2.2000    3.6000   53.6963
    1.1000    2.2000    3.7000   57.9430
    1.1000    2.2000    3.8000   62.4529
    1.1000    2.2000    3.9000   67.2346
    1.1000    2.2000    4.0000   72.2968
    1.1000    2.3000    3.0000   34.0040
    1.1000    2.3000    3.1000   36.9179
    1.1000    2.3000    3.2000   40.0478
    1.1000    2.3000    3.3000   43.4023
    1.1000    2.3000    3.4000   46.9905
    1.1000    2.3000    3.5000   50.8211
    1.1000    2.3000    3.6000   54.9031
    1.1000    2.3000    3.7000   59.2452
    1.1000    2.3000    3.8000   63.8565
    1.1000    2.3000    3.9000   68.7456
    1.1000    2.3000    4.0000   73.9216
    1.1000    2.4000    3.0000   34.7353
    1.1000    2.4000    3.1000   37.7120
    1.1000    2.4000    3.2000   40.9091
    1.1000    2.4000    3.3000   44.3358
    1.1000    2.4000    3.4000   48.0012
    1.1000    2.4000    3.5000   51.9142
    1.1000    2.4000    3.6000   56.0839
    1.1000    2.4000    3.7000   60.5195
    1.1000    2.4000    3.8000   65.2299
    1.1000    2.4000    3.9000   70.2242
    1.1000    2.4000    4.0000   75.5115
    1.1000    2.5000    3.0000   35.4516
    1.1000    2.5000    3.1000   38.4896
    1.1000    2.5000    3.2000   41.7527
    1.1000    2.5000    3.3000   45.2501
    1.1000    2.5000    3.4000   48.9910
    1.1000    2.5000    3.5000   52.9847
    1.1000    2.5000    3.6000   57.2404
    1.1000    2.5000    3.7000   61.7674
    1.1000    2.5000    3.8000   66.5750
    1.1000    2.5000    3.9000   71.6723
    1.1000    2.5000    4.0000   77.0686
    1.1000    2.6000    3.0000   36.1536
    1.1000    2.6000    3.1000   39.2519
    1.1000    2.6000    3.2000   42.5796
    1.1000    2.6000    3.3000   46.1462
    1.1000    2.6000    3.4000   49.9612
    1.1000    2.6000    3.5000   54.0340
    1.1000    2.6000    3.6000   58.3740
    1.1000    2.6000    3.7000   62.9907
    1.1000    2.6000    3.8000   67.8934
    1.1000    2.6000    3.9000   73.0917
    1.1000    2.6000    4.0000   78.5949
    1.1000    2.7000    3.0000   36.8424
    1.1000    2.7000    3.1000   39.9996
    1.1000    2.7000    3.2000   43.3907
    1.1000    2.7000    3.3000   47.0253
    1.1000    2.7000    3.4000   50.9129
    1.1000    2.7000    3.5000   55.0633
    1.1000    2.7000    3.6000   59.4860
    1.1000    2.7000    3.7000   64.1906
    1.1000    2.7000    3.8000   69.1867
    1.1000    2.7000    3.9000   74.4840
    1.1000    2.7000    4.0000   80.0921
    1.1000    2.8000    3.0000   37.5184
    1.1000    2.8000    3.1000   40.7336
    1.1000    2.8000    3.2000   44.1869
    1.1000    2.8000    3.3000   47.8882
    1.1000    2.8000    3.4000   51.8472
    1.1000    2.8000    3.5000   56.0737
    1.1000    2.8000    3.6000   60.5776
    1.1000    2.8000    3.7000   65.3685
    1.1000    2.8000    3.8000   70.4563
    1.1000    2.8000    3.9000   75.8508
    1.1000    2.8000    4.0000   81.5618
    1.1000    2.9000    3.0000   38.1825
    1.1000    2.9000    3.1000   41.4546
    1.1000    2.9000    3.2000   44.9690
    1.1000    2.9000    3.3000   48.7358
    1.1000    2.9000    3.4000   52.7649
    1.1000    2.9000    3.5000   57.0662
    1.1000    2.9000    3.6000   61.6498
    1.1000    2.9000    3.7000   66.5256
    1.1000    2.9000    3.8000   71.7034
    1.1000    2.9000    3.9000   77.1934
    1.1000    2.9000    4.0000   83.0055
    1.1000    3.0000    3.0000   38.8352
    1.1000    3.0000    3.1000   42.1633
    1.1000    3.0000    3.2000   45.7378
    1.1000    3.0000    3.3000   49.5690
    1.1000    3.0000    3.4000   53.6669
    1.1000    3.0000    3.5000   58.0418
    1.1000    3.0000    3.6000   62.7037
    1.1000    3.0000    3.7000   67.6628
    1.1000    3.0000    3.8000   72.9292
    1.1000    3.0000    3.9000   78.5131
    1.1000    3.0000    4.0000   84.4245
    1.2000    2.0000    3.0000   34.5915
    1.2000    2.0000    3.1000   37.5558
    1.2000    2.0000    3.2000   40.7397
    1.2000    2.0000    3.3000   44.1523
    1.2000    2.0000    3.4000   47.8024
    1.2000    2.0000    3.5000   51.6992
    1.2000    2.0000    3.6000   55.8517
    1.2000    2.0000    3.7000   60.2689
    1.2000    2.0000    3.8000   64.9598
    1.2000    2.0000    3.9000   69.9334
    1.2000    2.0000    4.0000   75.1988
    1.2000    2.1000    3.0000   35.4457
    1.2000    2.1000    3.1000   38.4833
    1.2000    2.1000    3.2000   41.7458
    1.2000    2.1000    3.3000   45.2426
    1.2000    2.1000    3.4000   48.9829
    1.2000    2.1000    3.5000   52.9759
    1.2000    2.1000    3.6000   57.2310
    1.2000    2.1000    3.7000   61.7572
    1.2000    2.1000    3.8000   66.5640
    1.2000    2.1000    3.9000   71.6604
    1.2000    2.1000    4.0000   77.0559
    1.2000    2.2000    3.0000   36.2798
    1.2000    2.2000    3.1000   39.3889
    1.2000    2.2000    3.2000   42.7282
    1.2000    2.2000    3.3000   46.3073
    1.2000    2.2000    3.4000   50.1356
    1.2000    2.2000    3.5000   54.2226
    1.2000    2.2000    3.6000   58.5777
    1.2000    2.2000    3.7000   63.2105
    1.2000    2.2000    3.8000   68.1304
    1.2000    2.2000    3.9000   73.3468
    1.2000    2.2000    4.0000   78.8692
    1.2000    2.3000    3.0000   37.0952
    1.2000    2.3000    3.1000   40.2741
    1.2000    2.3000    3.2000   43.6885
    1.2000    2.3000    3.3000   47.3480
    1.2000    2.3000    3.4000   51.2624
    1.2000    2.3000    3.5000   55.4412
    1.2000    2.3000    3.6000   59.8943
    1.2000    2.3000    3.7000   64.6312
    1.2000    2.3000    3.8000   69.6616
    1.2000    2.3000    3.9000   74.9952
    1.2000    2.3000    4.0000   80.6418
    1.2000    2.4000    3.0000   37.8931
    1.2000    2.4000    3.1000   41.1403
    1.2000    2.4000    3.2000   44.6281
    1.2000    2.4000    3.3000   48.3664
    1.2000    2.4000    3.4000   52.3649
    1.2000    2.4000    3.5000   56.6336
    1.2000    2.4000    3.6000   61.1825
    1.2000    2.4000    3.7000   66.0212
    1.2000    2.4000    3.8000   71.1599
    1.2000    2.4000    3.9000   76.6082
    1.2000    2.4000    4.0000   82.3762
    1.2000    2.5000    3.0000   38.6744
    1.2000    2.5000    3.1000   41.9887
    1.2000    2.5000    3.2000   45.5484
    1.2000    2.5000    3.3000   49.3637
    1.2000    2.5000    3.4000   53.4447
    1.2000    2.5000    3.5000   57.8015
    1.2000    2.5000    3.6000   62.4441
    1.2000    2.5000    3.7000   67.3826
    1.2000    2.5000    3.8000   72.6272
    1.2000    2.5000    3.9000   78.1879
    1.2000    2.5000    4.0000   84.0749
    1.2000    2.6000    3.0000   39.4403
    1.2000    2.6000    3.1000   42.8202
    1.2000    2.6000    3.2000   46.4504
    1.2000    2.6000    3.3000   50.3413
    1.2000    2.6000    3.4000   54.5031
    1.2000    2.6000    3.5000   58.9462
    1.2000    2.6000    3.6000   63.6807
    1.2000    2.6000    3.7000   68.7171
    1.2000    2.6000    3.8000   74.0655
    1.2000    2.6000    3.9000   79.7364
    1.2000    2.6000    4.0000   85.7399
    1.2000    2.7000    3.0000   40.1917
    1.2000    2.7000    3.1000   43.6359
    1.2000    2.7000    3.2000   47.3353
    1.2000    2.7000    3.3000   51.3003
    1.2000    2.7000    3.4000   55.5414
    1.2000    2.7000    3.5000   60.0691
    1.2000    2.7000    3.6000   64.8938
    1.2000    2.7000    3.7000   70.0261
    1.2000    2.7000    3.8000   75.4764
    1.2000    2.7000    3.9000   81.2553
    1.2000    2.7000    4.0000   87.3732
    1.2000    2.8000    3.0000   40.9292
    1.2000    2.8000    3.1000   44.4366
    1.2000    2.8000    3.2000   48.2039
    1.2000    2.8000    3.3000   52.2416
    1.2000    2.8000    3.4000   56.5606
    1.2000    2.8000    3.5000   61.1713
    1.2000    2.8000    3.6000   66.0846
    1.2000    2.8000    3.7000   71.3111
    1.2000    2.8000    3.8000   76.8614
    1.2000    2.8000    3.9000   82.7463
    1.2000    2.8000    4.0000   88.9765
    1.2000    2.9000    3.0000   41.6536
    1.2000    2.9000    3.1000   45.2232
    1.2000    2.9000    3.2000   49.0571
    1.2000    2.9000    3.3000   53.1664
    1.2000    2.9000    3.4000   57.5617
    1.2000    2.9000    3.5000   62.2541
    1.2000    2.9000    3.6000   67.2543
    1.2000    2.9000    3.7000   72.5733
    1.2000    2.9000    3.8000   78.2219
    1.2000    2.9000    3.9000   84.2110
    1.2000    2.9000    4.0000   90.5514
    1.2000    3.0000    3.0000   42.3657
    1.2000    3.0000    3.1000   45.9963
    1.2000    3.0000    3.2000   49.8958
    1.2000    3.0000    3.3000   54.0752
    1.2000    3.0000    3.4000   58.5457
    1.2000    3.0000    3.5000   63.3183
    1.2000    3.0000    3.6000   68.4041
    1.2000    3.0000    3.7000   73.8140
    1.2000    3.0000    3.8000   79.5591
    1.2000    3.0000    3.9000   85.6506
    1.2000    3.0000    4.0000   92.0994
    1.3000    2.0000    3.0000   37.4741
    1.3000    2.0000    3.1000   40.6855
    1.3000    2.0000    3.2000   44.1347
    1.3000    2.0000    3.3000   47.8316
    1.3000    2.0000    3.4000   51.7859
    1.3000    2.0000    3.5000   56.0075
    1.3000    2.0000    3.6000   60.5060
    1.3000    2.0000    3.7000   65.2913
    1.3000    2.0000    3.8000   70.3731
    1.3000    2.0000    3.9000   75.7612
    1.3000    2.0000    4.0000   81.4654
    1.3000    2.1000    3.0000   38.3995
    1.3000    2.1000    3.1000   41.6902
    1.3000    2.1000    3.2000   45.2246
    1.3000    2.1000    3.3000   49.0128
    1.3000    2.1000    3.4000   53.0648
    1.3000    2.1000    3.5000   57.3906
    1.3000    2.1000    3.6000   62.0002
    1.3000    2.1000    3.7000   66.9036
    1.3000    2.1000    3.8000   72.1110
    1.3000    2.1000    3.9000   77.6321
    1.3000    2.1000    4.0000   83.4772
    1.3000    2.2000    3.0000   39.3032
    1.3000    2.2000    3.1000   42.6713
    1.3000    2.2000    3.2000   46.2889
    1.3000    2.2000    3.3000   50.1662
    1.3000    2.2000    3.4000   54.3135
    1.3000    2.2000    3.5000   58.7411
    1.3000    2.2000    3.6000   63.4592
    1.3000    2.2000    3.7000   68.4781
    1.3000    2.2000    3.8000   73.8079
    1.3000    2.2000    3.9000   79.4590
    1.3000    2.2000    4.0000   85.4417
    1.3000    2.3000    3.0000   40.1865
    1.3000    2.3000    3.1000   43.6303
    1.3000    2.3000    3.2000   47.3292
    1.3000    2.3000    3.3000   51.2937
    1.3000    2.3000    3.4000   55.5342
    1.3000    2.3000    3.5000   60.0613
    1.3000    2.3000    3.6000   64.8855
    1.3000    2.3000    3.7000   70.0171
    1.3000    2.3000    3.8000   75.4667
    1.3000    2.3000    3.9000   81.2448
    1.3000    2.3000    4.0000   87.3619
    1.3000    2.4000    3.0000   41.0508
    1.3000    2.4000    3.1000   44.5687
    1.3000    2.4000    3.2000   48.3471
    1.3000    2.4000    3.3000   52.3969
    1.3000    2.4000    3.4000   56.7287
    1.3000    2.4000    3.5000   61.3531
    1.3000    2.4000    3.6000   66.2810
    1.3000    2.4000    3.7000   71.5230
    1.3000    2.4000    3.8000   77.0899
    1.3000    2.4000    3.9000   82.9922
    1.3000    2.4000    4.0000   89.2409
    1.3000    2.5000    3.0000   41.8973
    1.3000    2.5000    3.1000   45.4877
    1.3000    2.5000    3.2000   49.3441
    1.3000    2.5000    3.3000   53.4774
    1.3000    2.5000    3.4000   57.8984
    1.3000    2.5000    3.5000   62.6183
    1.3000    2.5000    3.6000   67.6478
    1.3000    2.5000    3.7000   72.9979
    1.3000    2.5000    3.8000   78.6795
    1.3000    2.5000    3.9000   84.7036
    1.3000    2.5000    4.0000   91.0811
    1.3000    2.6000    3.0000   42.7270
    1.3000    2.6000    3.1000   46.3886
    1.3000    2.6000    3.2000   50.3213
    1.3000    2.6000    3.3000   54.5364
    1.3000    2.6000    3.4000   59.0451
    1.3000    2.6000    3.5000   63.8583
    1.3000    2.6000    3.6000   68.9874
    1.3000    2.6000    3.7000   74.4435
    1.3000    2.6000    3.8000   80.2377
    1.3000    2.6000    3.9000   86.3811
    1.3000    2.6000    4.0000   92.8849
    1.3000    2.7000    3.0000   43.5410
    1.3000    2.7000    3.1000   47.2722
    1.3000    2.7000    3.2000   51.2799
    1.3000    2.7000    3.3000   55.5753
    1.3000    2.7000    3.4000   60.1698
    1.3000    2.7000    3.5000   65.0748
    1.3000    2.7000    3.6000   70.3016
    1.3000    2.7000    3.7000   75.8616
    1.3000    2.7000    3.8000   81.7661
    1.3000    2.7000    3.9000   88.0266
    1.3000    2.7000    4.0000   94.6543
    1.3000    2.8000    3.0000   44.3399
    1.3000    2.8000    3.1000   48.1397
    1.3000    2.8000    3.2000   52.2209
    1.3000    2.8000    3.3000   56.5951
    1.3000    2.8000    3.4000   61.2739
    1.3000    2.8000    3.5000   66.2689
    1.3000    2.8000    3.6000   71.5917
    1.3000    2.8000    3.7000   77.2537
    1.3000    2.8000    3.8000   83.2666
    1.3000    2.8000    3.9000   89.6419
    1.3000    2.8000    4.0000   96.3912
    1.3000    2.9000    3.0000   45.1248
    1.3000    2.9000    3.1000   48.9918
    1.3000    2.9000    3.2000   53.1452
    1.3000    2.9000    3.3000   57.5969
    1.3000    2.9000    3.4000   62.3585
    1.3000    2.9000    3.5000   67.4419
    1.3000    2.9000    3.6000   72.8589
    1.3000    2.9000    3.7000   78.6211
    1.3000    2.9000    3.8000   84.7404
    1.3000    2.9000    3.9000   91.2286
    1.3000    2.9000    4.0000   98.0974
    1.3000    3.0000    3.0000   45.8962
    1.3000    3.0000    3.1000   49.8293
    1.3000    3.0000    3.2000   54.0538
    1.3000    3.0000    3.3000   58.5815
    1.3000    3.0000    3.4000   63.4246
    1.3000    3.0000    3.5000   68.5949
    1.3000    3.0000    3.6000   74.1044
    1.3000    3.0000    3.7000   79.9652
    1.3000    3.0000    3.8000   86.1891
    1.3000    3.0000    3.9000   92.7882
    1.3000    3.0000    4.0000   99.7744
    1.4000    2.0000    3.0000   40.3567
    1.4000    2.0000    3.1000   43.8151
    1.4000    2.0000    3.2000   47.5297
    1.4000    2.0000    3.3000   51.5110
    1.4000    2.0000    3.4000   55.7695
    1.4000    2.0000    3.5000   60.3157
    1.4000    2.0000    3.6000   65.1603
    1.4000    2.0000    3.7000   70.3137
    1.4000    2.0000    3.8000   75.7864
    1.4000    2.0000    3.9000   81.5890
    1.4000    2.0000    4.0000   87.7320
    1.4000    2.1000    3.0000   41.3533
    1.4000    2.1000    3.1000   44.8971
    1.4000    2.1000    3.2000   48.7034
    1.4000    2.1000    3.3000   52.7830
    1.4000    2.1000    3.4000   57.1467
    1.4000    2.1000    3.5000   61.8052
    1.4000    2.1000    3.6000   66.7694
    1.4000    2.1000    3.7000   72.0501
    1.4000    2.1000    3.8000   77.6580
    1.4000    2.1000    3.9000   83.6038
    1.4000    2.1000    4.0000   89.8985
    1.4000    2.2000    3.0000   42.3265
    1.4000    2.2000    3.1000   45.9537
    1.4000    2.2000    3.2000   49.8496
    1.4000    2.2000    3.3000   54.0252
    1.4000    2.2000    3.4000   58.4915
    1.4000    2.2000    3.5000   63.2597
    1.4000    2.2000    3.6000   68.3407
    1.4000    2.2000    3.7000   73.7456
    1.4000    2.2000    3.8000   79.4854
    1.4000    2.2000    3.9000   85.5713
    1.4000    2.2000    4.0000   92.0141
    1.4000    2.3000    3.0000   43.2778
    1.4000    2.3000    3.1000   46.9865
    1.4000    2.3000    3.2000   50.9699
    1.4000    2.3000    3.3000   55.2394
    1.4000    2.3000    3.4000   59.8061
    1.4000    2.3000    3.5000   64.6814
    1.4000    2.3000    3.6000   69.8766
    1.4000    2.3000    3.7000   75.4030
    1.4000    2.3000    3.8000   81.2719
    1.4000    2.3000    3.9000   87.4945
    1.4000    2.3000    4.0000   94.0821
    1.4000    2.4000    3.0000   44.2086
    1.4000    2.4000    3.1000   47.9970
    1.4000    2.4000    3.2000   52.0662
    1.4000    2.4000    3.3000   56.4274
    1.4000    2.4000    3.4000   61.0924
    1.4000    2.4000    3.5000   66.0726
    1.4000    2.4000    3.6000   71.3795
    1.4000    2.4000    3.7000   77.0248
    1.4000    2.4000    3.8000   83.0198
    1.4000    2.4000    3.9000   89.3763
    1.4000    2.4000    4.0000   96.1056
    1.4000    2.5000    3.0000   45.1202
    1.4000    2.5000    3.1000   48.9868
    1.4000    2.5000    3.2000   53.1398
    1.4000    2.5000    3.3000   57.5910
    1.4000    2.5000    3.4000   62.3522
    1.4000    2.5000    3.5000   67.4351
    1.4000    2.5000    3.6000   72.8514
    1.4000    2.5000    3.7000   78.6131
    1.4000    2.5000    3.8000   84.7318
    1.4000    2.5000    3.9000   91.2193
    1.4000    2.5000    4.0000   98.0873
    1.4000    2.6000    3.0000   46.0137
    1.4000    2.6000    3.1000   49.9569
    1.4000    2.6000    3.2000   54.1922
    1.4000    2.6000    3.3000   58.7315
    1.4000    2.6000    3.4000   63.5870
    1.4000    2.6000    3.5000   68.7705
    1.4000    2.6000    3.6000   74.2942
    1.4000    2.6000    3.7000   80.1699
    1.4000    2.6000    3.8000   86.4098
    1.4000    2.6000    3.9000   93.0258
    1.4000    2.6000    4.0000  100.0299
    1.4000    2.7000    3.0000   46.8903
    1.4000    2.7000    3.1000   50.9086
    1.4000    2.7000    3.2000   55.2245
    1.4000    2.7000    3.3000   59.8503
    1.4000    2.7000    3.4000   64.7983
    1.4000    2.7000    3.5000   70.0806
    1.4000    2.7000    3.6000   75.7094
    1.4000    2.7000    3.7000   81.6971
    1.4000    2.7000    3.8000   88.0558
    1.4000    2.7000    3.9000   94.7978
    1.4000    2.7000    4.0000  101.9354
    1.4000    2.8000    3.0000   47.7507
    1.4000    2.8000    3.1000   51.8427
    1.4000    2.8000    3.2000   56.2379
    1.4000    2.8000    3.3000   60.9486
    1.4000    2.8000    3.4000   65.9873
    1.4000    2.8000    3.5000   71.3665
    1.4000    2.8000    3.6000   77.0987
    1.4000    2.8000    3.7000   83.1963
    1.4000    2.8000    3.8000   89.6717
    1.4000    2.8000    3.9000   96.5374
    1.4000    2.8000    4.0000  103.8059
    1.4000    2.9000    3.0000   48.5959
    1.4000    2.9000    3.1000   52.7604
    1.4000    2.9000    3.2000   57.2333
    1.4000    2.9000    3.3000   62.0274
    1.4000    2.9000    3.4000   67.1553
    1.4000    2.9000    3.5000   72.6298
    1.4000    2.9000    3.6000   78.4634
    1.4000    2.9000    3.7000   84.6689
    1.4000    2.9000    3.8000   91.2589
    1.4000    2.9000    3.9000   98.2462
    1.4000    2.9000    4.0000  105.6433
    1.4000    3.0000    3.0000   49.4267
    1.4000    3.0000    3.1000   53.6623
    1.4000    3.0000    3.2000   58.2117
    1.4000    3.0000    3.3000   63.0878
    1.4000    3.0000    3.4000   68.3034
    1.4000    3.0000    3.5000   73.8714
    1.4000    3.0000    3.6000   79.8047
    1.4000    3.0000    3.7000   86.1163
    1.4000    3.0000    3.8000   92.8190
    1.4000    3.0000    3.9000   99.9257
    1.4000    3.0000    4.0000  107.4493
    1.5000    2.0000    3.0000   43.2393
    1.5000    2.0000    3.1000   46.9448
    1.5000    2.0000    3.2000   50.9247
    1.5000    2.0000    3.3000   55.1903
    1.5000    2.0000    3.4000   59.7530
    1.5000    2.0000    3.5000   64.6240
    1.5000    2.0000    3.6000   69.8146
    1.5000    2.0000    3.7000   75.3361
    1.5000    2.0000    3.8000   81.1997
    1.5000    2.0000    3.9000   87.4168
    1.5000    2.0000    4.0000   93.9986
    1.5000    2.1000    3.0000   44.3071
    1.5000    2.1000    3.1000   48.1041
    1.5000    2.1000    3.2000   52.1822
    1.5000    2.1000    3.3000   56.5532
    1.5000    2.1000    3.4000   61.2286
    1.5000    2.1000    3.5000   66.2199
    1.5000    2.1000    3.6000   71.5387
    1.5000    2.1000    3.7000   77.1965
    1.5000    2.1000    3.8000   83.2049
    1.5000    2.1000    3.9000   89.5755
    1.5000    2.1000    4.0000   96.3199
    1.5000    2.2000    3.0000   45.3498
    1.5000    2.2000    3.1000   49.2361
    1.5000    2.2000    3.2000   53.4102
    1.5000    2.2000    3.3000   57.8841
    1.5000    2.2000    3.4000   62.6695
    1.5000    2.2000    3.5000   67.7782
    1.5000    2.2000    3.6000   73.2222
    1.5000    2.2000    3.7000   79.0132
    1.5000    2.2000    3.8000   85.1630
    1.5000    2.2000    3.9000   91.6835
    1.5000    2.2000    4.0000   98.5865
    1.5000    2.3000    3.0000   46.3690
    1.5000    2.3000    3.1000   50.3426
    1.5000    2.3000    3.2000   54.6106
    1.5000    2.3000    3.3000   59.1850
    1.5000    2.3000    3.4000   64.0780
    1.5000    2.3000    3.5000   69.3015
    1.5000    2.3000    3.6000   74.8678
    1.5000    2.3000    3.7000   80.7890
    1.5000    2.3000    3.8000   87.0770
    1.5000    2.3000    3.9000   93.7441
    1.5000    2.3000    4.0000  100.8022
    1.5000    2.4000    3.0000   47.3663
    1.5000    2.4000    3.1000   51.4254
    1.5000    2.4000    3.2000   55.7852
    1.5000    2.4000    3.3000   60.4580
    1.5000    2.4000    3.4000   65.4561
    1.5000    2.4000    3.5000   70.7921
    1.5000    2.4000    3.6000   76.4781
    1.5000    2.4000    3.7000   82.5265
    1.5000    2.4000    3.8000   88.9498
    1.5000    2.4000    3.9000   95.7603
    1.5000    2.4000    4.0000  102.9703
    1.5000    2.5000    3.0000   48.3430
    1.5000    2.5000    3.1000   52.4858
    1.5000    2.5000    3.2000   56.9355
    1.5000    2.5000    3.3000   61.7046
    1.5000    2.5000    3.4000   66.8059
    1.5000    2.5000    3.5000   72.2518
    1.5000    2.5000    3.6000   78.0551
    1.5000    2.5000    3.7000   84.2283
    1.5000    2.5000    3.8000   90.7840
    1.5000    2.5000    3.9000   97.7349
    1.5000    2.5000    4.0000  105.0936
    1.5000    2.6000    3.0000   49.3004
    1.5000    2.6000    3.1000   53.5253
    1.5000    2.6000    3.2000   58.0630
    1.5000    2.6000    3.3000   62.9266
    1.5000    2.6000    3.4000   68.1289
    1.5000    2.6000    3.5000   73.6827
    1.5000    2.6000    3.6000   79.6009
    1.5000    2.6000    3.7000   85.8964
    1.5000    2.6000    3.8000   92.5819
    1.5000    2.6000    3.9000   99.6705
    1.5000    2.6000    4.0000  107.1748
    1.5000    2.7000    3.0000   50.2396
    1.5000    2.7000    3.1000   54.5449
    1.5000    2.7000    3.2000   59.1691
    1.5000    2.7000    3.3000   64.1254
    1.5000    2.7000    3.4000   69.4267
    1.5000    2.7000    3.5000   75.0863
    1.5000    2.7000    3.6000   81.1172
    1.5000    2.7000    3.7000   87.5326
    1.5000    2.7000    3.8000   94.3455
    1.5000    2.7000    3.9000  101.5691
    1.5000    2.7000    4.0000  109.2165
    1.5000    2.8000    3.0000   51.1615
    1.5000    2.8000    3.1000   55.5458
    1.5000    2.8000    3.2000   60.2549
    1.5000    2.8000    3.3000   65.3021
    1.5000    2.8000    3.4000   70.7007
    1.5000    2.8000    3.5000   76.4642
    1.5000    2.8000    3.6000   82.6058
    1.5000    2.8000    3.7000   89.1389
    1.5000    2.8000    3.8000   96.0768
    1.5000    2.8000    3.9000  103.4329
    1.5000    2.8000    4.0000  111.2206
    1.5000    2.9000    3.0000   52.0671
    1.5000    2.9000    3.1000   56.5290
    1.5000    2.9000    3.2000   61.3214
    1.5000    2.9000    3.3000   66.4579
    1.5000    2.9000    3.4000   71.9521
    1.5000    2.9000    3.5000   77.8176
    1.5000    2.9000    3.6000   84.0679
    1.5000    2.9000    3.7000   90.7167
    1.5000    2.9000    3.8000   97.7774
    1.5000    2.9000    3.9000  105.2637
    1.5000    2.9000    4.0000  113.1893
    1.5000    3.0000    3.0000   52.9572
    1.5000    3.0000    3.1000   57.4954
    1.5000    3.0000    3.2000   62.3697
    1.5000    3.0000    3.3000   67.5941
    1.5000    3.0000    3.4000   73.1822
    1.5000    3.0000    3.5000   79.1479
    1.5000    3.0000    3.6000   85.5051
    1.5000    3.0000    3.7000   92.2675
    1.5000    3.0000    3.8000   99.4489
    1.5000    3.0000    3.9000  107.0633
    1.5000    3.0000    4.0000  115.1243
    1.6000    2.0000    3.0000   46.1220
    1.6000    2.0000    3.1000   50.0744
    1.6000    2.0000    3.2000   54.3196
    1.6000    2.0000    3.3000   58.8697
    1.6000    2.0000    3.4000   63.7365
    1.6000    2.0000    3.5000   68.9323
    1.6000    2.0000    3.6000   74.4689
    1.6000    2.0000    3.7000   80.3585
    1.6000    2.0000    3.8000   86.6130
    1.6000    2.0000    3.9000   93.2446
    1.6000    2.0000    4.0000  100.2651
    1.6000    2.1000    3.0000   47.2609
    1.6000    2.1000    3.1000   51.3110
    1.6000    2.1000    3.2000   55.6611
    1.6000    2.1000    3.3000   60.3235
    1.6000    2.1000    3.4000   65.3105
    1.6000    2.1000    3.5000   70.6346
    1.6000    2.1000    3.6000   76.3079
    1.6000    2.1000    3.7000   82.3430
    1.6000    2.1000    3.8000   88.7519
    1.6000    2.1000    3.9000   95.5472
    1.6000    2.1000    4.0000  102.7412
    1.6000    2.2000    3.0000   48.3731
    1.6000    2.2000    3.1000   52.5185
    1.6000    2.2000    3.2000   56.9709
    1.6000    2.2000    3.3000   61.7430
    1.6000    2.2000    3.4000   66.8474
    1.6000    2.2000    3.5000   72.2968
    1.6000    2.2000    3.6000   78.1037
    1.6000    2.2000    3.7000   84.2807
    1.6000    2.2000    3.8000   90.8405
    1.6000    2.2000    3.9000   97.7957
    1.6000    2.2000    4.0000  105.1590
    1.6000    2.3000    3.0000   49.4603
    1.6000    2.3000    3.1000   53.6988
    1.6000    2.3000    3.2000   58.2513
    1.6000    2.3000    3.3000   63.1307
    1.6000    2.3000    3.4000   68.3498
    1.6000    2.3000    3.5000   73.9216
    1.6000    2.3000    3.6000   79.8590
    1.6000    2.3000    3.7000   86.1749
    1.6000    2.3000    3.8000   92.8821
    1.6000    2.3000    3.9000   99.9937
    1.6000    2.3000    4.0000  107.5224
    1.6000    2.4000    3.0000   50.5241
    1.6000    2.4000    3.1000   54.8538
    1.6000    2.4000    3.2000   59.5042
    1.6000    2.4000    3.3000   64.4885
    1.6000    2.4000    3.4000   69.8199
    1.6000    2.4000    3.5000   75.5115
    1.6000    2.4000    3.6000   81.5766
    1.6000    2.4000    3.7000   88.0283
    1.6000    2.4000    3.8000   94.8798
    1.6000    2.4000    3.9000  102.1443
    1.6000    2.4000    4.0000  109.8349
    1.6000    2.5000    3.0000   51.5659
    1.6000    2.5000    3.1000   55.9849
    1.6000    2.5000    3.2000   60.7312
    1.6000    2.5000    3.3000   65.8183
    1.6000    2.5000    3.4000   71.2596
    1.6000    2.5000    3.5000   77.0686
    1.6000    2.5000    3.6000   83.2588
    1.6000    2.5000    3.7000   89.8435
    1.6000    2.5000    3.8000   96.8363
    1.6000    2.5000    3.9000  104.2506
    1.6000    2.5000    4.0000  112.0998
    1.6000    2.6000    3.0000   52.5871
    1.6000    2.6000    3.1000   57.0936
    1.6000    2.6000    3.2000   61.9339
    1.6000    2.6000    3.3000   67.1217
    1.6000    2.6000    3.4000   72.6708
    1.6000    2.6000    3.5000   78.5949
    1.6000    2.6000    3.6000   84.9076
    1.6000    2.6000    3.7000   91.6228
    1.6000    2.6000    3.8000   98.7540
    1.6000    2.6000    3.9000  106.3152
    1.6000    2.6000    4.0000  114.3198
    1.6000    2.7000    3.0000   53.5889
    1.6000    2.7000    3.1000   58.1812
    1.6000    2.7000    3.2000   63.1137
    1.6000    2.7000    3.3000   68.4004
    1.6000    2.7000    3.4000   74.0552
    1.6000    2.7000    3.5000   80.0921
    1.6000    2.7000    3.6000   86.5251
    1.6000    2.7000    3.7000   93.3681
    1.6000    2.7000    3.8000  100.6352
    1.6000    2.7000    3.9000  108.3404
    1.6000    2.7000    4.0000  116.4976
    1.6000    2.8000    3.0000   54.5722
    1.6000    2.8000    3.1000   59.2488
    1.6000    2.8000    3.2000   64.2719
    1.6000    2.8000    3.3000   69.6555
    1.6000    2.8000    3.4000   75.4141
    1.6000    2.8000    3.5000   81.5618
    1.6000    2.8000    3.6000   88.1128
    1.6000    2.8000    3.7000   95.0814
    1.6000    2.8000    3.8000  102.4819
    1.6000    2.8000    3.9000  110.3285
    1.6000    2.8000    4.0000  118.6353
    1.6000    2.9000    3.0000   55.5382
    1.6000    2.9000    3.1000   60.2976
    1.6000    2.9000    3.2000   65.4095
    1.6000    2.9000    3.3000   70.8885
    1.6000    2.9000    3.4000   76.7490
    1.6000    2.9000    3.5000   83.0055
    1.6000    2.9000    3.6000   89.6725
    1.6000    2.9000    3.7000   96.7644
    1.6000    2.9000    3.8000  104.2959
    1.6000    2.9000    3.9000  112.2813
    1.6000    2.9000    4.0000  120.7352
    1.6000    3.0000    3.0000   56.4876
    1.6000    3.0000    3.1000   61.3284
    1.6000    3.0000    3.2000   66.5277
    1.6000    3.0000    3.3000   72.1003
    1.6000    3.0000    3.4000   78.0610
    1.6000    3.0000    3.5000   84.4245
    1.6000    3.0000    3.6000   91.2054
    1.6000    3.0000    3.7000   98.4187
    1.6000    3.0000    3.8000  106.0789
    1.6000    3.0000    3.9000  114.2008
    1.6000    3.0000    4.0000  122.7992
    1.7000    2.0000    3.0000   49.0046
    1.7000    2.0000    3.1000   53.2041
    1.7000    2.0000    3.2000   57.7146
    1.7000    2.0000    3.3000   62.5490
    1.7000    2.0000    3.4000   67.7201
    1.7000    2.0000    3.5000   73.2405
    1.7000    2.0000    3.6000   79.1232
    1.7000    2.0000    3.7000   85.3809
    1.7000    2.0000    3.8000   92.0263
    1.7000    2.0000    3.9000   99.0724
    1.7000    2.0000    4.0000  106.5317
    1.7000    2.1000    3.0000   50.2148
    1.7000    2.1000    3.1000   54.5179
    1.7000    2.1000    3.2000   59.1399
    1.7000    2.1000    3.3000   64.0937
    1.7000    2.1000    3.4000   69.3924
    1.7000    2.1000    3.5000   75.0492
    1.7000    2.1000    3.6000   81.0772
    1.7000    2.1000    3.7000   87.4894
    1.7000    2.1000    3.8000   94.2989
    1.7000    2.1000    3.9000  101.5190
    1.7000    2.1000    4.0000  109.1625
    1.7000    2.2000    3.0000   51.3964
    1.7000    2.2000    3.1000   55.8009
    1.7000    2.2000    3.2000   60.5316
    1.7000    2.2000    3.3000   65.6020
    1.7000    2.2000    3.4000   71.0254
    1.7000    2.2000    3.5000   76.8153
    1.7000    2.2000    3.6000   82.9851
    1.7000    2.2000    3.7000   89.5482
    1.7000    2.2000    3.8000   96.5180
    1.7000    2.2000    3.9000  103.9080
    1.7000    2.2000    4.0000  111.7314
    1.7000    2.3000    3.0000   52.5516
    1.7000    2.3000    3.1000   57.0550
    1.7000    2.3000    3.2000   61.8920
    1.7000    2.3000    3.3000   67.0764
    1.7000    2.3000    3.4000   72.6217
    1.7000    2.3000    3.5000   78.5417
    1.7000    2.3000    3.6000   84.8502
    1.7000    2.3000    3.7000   91.5608
    1.7000    2.3000    3.8000   98.6873
    1.7000    2.3000    3.9000  106.2433
    1.7000    2.3000    4.0000  114.2425
    1.7000    2.4000    3.0000   53.6818
    1.7000    2.4000    3.1000   58.2821
    1.7000    2.4000    3.2000   63.2232
    1.7000    2.4000    3.3000   68.5190
    1.7000    2.4000    3.4000   74.1836
    1.7000    2.4000    3.5000   80.2310
    1.7000    2.4000    3.6000   86.6752
    1.7000    2.4000    3.7000   93.5301
    1.7000    2.4000    3.8000  100.8098
    1.7000    2.4000    3.9000  108.5283
    1.7000    2.4000    4.0000  116.6996
    1.7000    2.5000    3.0000   54.7888
    1.7000    2.5000    3.1000   59.4840
    1.7000    2.5000    3.2000   64.5269
    1.7000    2.5000    3.3000   69.9319
    1.7000    2.5000    3.4000   75.7133
    1.7000    2.5000    3.5000   81.8854
    1.7000    2.5000    3.6000   88.4625
    1.7000    2.5000    3.7000   95.4587
    1.7000    2.5000    3.8000  102.8886
    1.7000    2.5000    3.9000  110.7663
    1.7000    2.5000    4.0000  119.1061
    1.7000    2.6000    3.0000   55.8738
    1.7000    2.6000    3.1000   60.6620
    1.7000    2.6000    3.2000   65.8048
    1.7000    2.6000    3.3000   71.3169
    1.7000    2.6000    3.4000   77.2128
    1.7000    2.6000    3.5000   83.5071
    1.7000    2.6000    3.6000   90.2144
    1.7000    2.6000    3.7000   97.3492
    1.7000    2.6000    3.8000  104.9262
    1.7000    2.6000    3.9000  112.9599
    1.7000    2.6000    4.0000  121.4648
    1.7000    2.7000    3.0000   56.9382
    1.7000    2.7000    3.1000   61.8175
    1.7000    2.7000    3.2000   67.0583
    1.7000    2.7000    3.3000   72.6754
    1.7000    2.7000    3.4000   78.6836
    1.7000    2.7000    3.5000   85.0978
    1.7000    2.7000    3.6000   91.9329
    1.7000    2.7000    3.7000   99.2036
    1.7000    2.7000    3.8000  106.9250
    1.7000    2.7000    3.9000  115.1117
    1.7000    2.7000    4.0000  123.7787
    1.7000    2.8000    3.0000   57.9830
    1.7000    2.8000    3.1000   62.9519
    1.7000    2.8000    3.2000   68.2889
    1.7000    2.8000    3.3000   74.0090
    1.7000    2.8000    3.4000   80.1275
    1.7000    2.8000    3.5000   86.6594
    1.7000    2.8000    3.6000   93.6199
    1.7000    2.8000    3.7000  101.0240
    1.7000    2.8000    3.8000  108.8870
    1.7000    2.8000    3.9000  117.2240
    1.7000    2.8000    4.0000  126.0500
    1.7000    2.9000    3.0000   59.0093
    1.7000    2.9000    3.1000   64.0662
    1.7000    2.9000    3.2000   69.4976
    1.7000    2.9000    3.3000   75.3190
    1.7000    2.9000    3.4000   81.5458
    1.7000    2.9000    3.5000   88.1933
    1.7000    2.9000    3.6000   95.2770
    1.7000    2.9000    3.7000  102.8122
    1.7000    2.9000    3.8000  110.8144
    1.7000    2.9000    3.9000  119.2989
    1.7000    2.9000    4.0000  128.2812
    1.7000    3.0000    3.0000   60.0181
    1.7000    3.0000    3.1000   65.1614
    1.7000    3.0000    3.2000   70.6857
    1.7000    3.0000    3.3000   76.6066
    1.7000    3.0000    3.4000   82.9398
    1.7000    3.0000    3.5000   89.7010
    1.7000    3.0000    3.6000   96.9058
    1.7000    3.0000    3.7000  104.5698
    1.7000    3.0000    3.8000  112.7088
    1.7000    3.0000    3.9000  121.3384
    1.7000    3.0000    4.0000  130.4742
    1.8000    2.0000    3.0000   51.8872
    1.8000    2.0000    3.1000   56.3337
    1.8000    2.0000    3.2000   61.1096
    1.8000    2.0000    3.3000   66.2284
    1.8000    2.0000    3.4000   71.7036
    1.8000    2.0000    3.5000   77.5488
    1.8000    2.0000    3.6000   83.7775
    1.8000    2.0000    3.7000   90.4033
    1.8000    2.0000    3.8000   97.4397
    1.8000    2.0000    3.9000  104.9001
    1.8000    2.0000    4.0000  112.7983
    1.8000    2.1000    3.0000   53.1686
    1.8000    2.1000    3.1000   57.7249
    1.8000    2.1000    3.2000   62.6187
    1.8000    2.1000    3.3000   67.8639
    1.8000    2.1000    3.4000   73.4743
    1.8000    2.1000    3.5000   79.4639
    1.8000    2.1000    3.6000   85.8464
    1.8000    2.1000    3.7000   92.6358
    1.8000    2.1000    3.8000   99.8459
    1.8000    2.1000    3.9000  107.4907
    1.8000    2.1000    4.0000  115.5838
    1.8000    2.2000    3.0000   54.4198
    1.8000    2.2000    3.1000   59.0833
    1.8000    2.2000    3.2000   64.0923
    1.8000    2.2000    3.3000   69.4609
    1.8000    2.2000    3.4000   75.2034
    1.8000    2.2000    3.5000   81.3339
    1.8000    2.2000    3.6000   87.8666
    1.8000    2.2000    3.7000   94.8158
    1.8000    2.2000    3.8000  102.1956
    1.8000    2.2000    3.9000  110.0202
    1.8000    2.2000    4.0000  118.3038
    1.8000    2.3000    3.0000   55.6428
    1.8000    2.3000    3.1000   60.4112
    1.8000    2.3000    3.2000   65.5327
    1.8000    2.3000    3.3000   71.0220
    1.8000    2.3000    3.4000   76.8936
    1.8000    2.3000    3.5000   83.1618
    1.8000    2.3000    3.6000   89.8414
    1.8000    2.3000    3.7000   96.9467
    1.8000    2.3000    3.8000  104.4924
    1.8000    2.3000    3.9000  112.4929
    1.8000    2.3000    4.0000  120.9627
    1.8000    2.4000    3.0000   56.8396
    1.8000    2.4000    3.1000   61.7105
    1.8000    2.4000    3.2000   66.9422
    1.8000    2.4000    3.3000   72.5496
    1.8000    2.4000    3.4000   78.5474
    1.8000    2.4000    3.5000   84.9505
    1.8000    2.4000    3.6000   91.7737
    1.8000    2.4000    3.7000   99.0319
    1.8000    2.4000    3.8000  106.7398
    1.8000    2.4000    3.9000  114.9123
    1.8000    2.4000    4.0000  123.5643
    1.8000    2.5000    3.0000   58.0117
    1.8000    2.5000    3.1000   62.9830
    1.8000    2.5000    3.2000   68.3226
    1.8000    2.5000    3.3000   74.0456
    1.8000    2.5000    3.4000   80.1671
    1.8000    2.5000    3.5000   86.7022
    1.8000    2.5000    3.6000   93.6661
    1.8000    2.5000    3.7000  101.0740
    1.8000    2.5000    3.8000  108.9409
    1.8000    2.5000    3.9000  117.2819
    1.8000    2.5000    4.0000  126.1123
    1.8000    2.6000    3.0000   59.1605
    1.8000    2.6000    3.1000   64.2303
    1.8000    2.6000    3.2000   69.6757
    1.8000    2.6000    3.3000   75.5120
    1.8000    2.6000    3.4000   81.7547
    1.8000    2.6000    3.5000   88.4192
    1.8000    2.6000    3.6000   95.5211
    1.8000    2.6000    3.7000  103.0756
    1.8000    2.6000    3.8000  111.0983
    1.8000    2.6000    3.9000  119.6046
    1.8000    2.6000    4.0000  128.6098
    1.8000    2.7000    3.0000   60.2875
    1.8000    2.7000    3.1000   65.4539
    1.8000    2.7000    3.2000   71.0029
    1.8000    2.7000    3.3000   76.9504
    1.8000    2.7000    3.4000   83.3121
    1.8000    2.7000    3.5000   90.1036
    1.8000    2.7000    3.6000   97.3407
    1.8000    2.7000    3.7000  105.0391
    1.8000    2.7000    3.8000  113.2147
    1.8000    2.7000    3.9000  121.8829
    1.8000    2.7000    4.0000  131.0597
    1.8000    2.8000    3.0000   61.3938
    1.8000    2.8000    3.1000   66.6549
    1.8000    2.8000    3.2000   72.3058
    1.8000    2.8000    3.3000   78.3625
    1.8000    2.8000    3.4000   84.8409
    1.8000    2.8000    3.5000   91.7570
    1.8000    2.8000    3.6000   99.1269
    1.8000    2.8000    3.7000  106.9666
    1.8000    2.8000    3.8000  115.2922
    1.8000    2.8000    3.9000  124.1195
    1.8000    2.8000    4.0000  133.4647
    1.8000    2.9000    3.0000   62.4805
    1.8000    2.9000    3.1000   67.8348
    1.8000    2.9000    3.2000   73.5857
    1.8000    2.9000    3.3000   79.7495
    1.8000    2.9000    3.4000   86.3426
    1.8000    2.9000    3.5000   93.3811
    1.8000    2.9000    3.6000  100.8815
    1.8000    2.9000    3.7000  108.8600
    1.8000    2.9000    3.8000  117.3329
    1.8000    2.9000    3.9000  126.3165
    1.8000    2.9000    4.0000  135.8271
    1.8000    3.0000    3.0000   63.5486
    1.8000    3.0000    3.1000   68.9944
    1.8000    3.0000    3.2000   74.8437
    1.8000    3.0000    3.3000   81.1129
    1.8000    3.0000    3.4000   87.8186
    1.8000    3.0000    3.5000   94.9775
    1.8000    3.0000    3.6000  102.6061
    1.8000    3.0000    3.7000  110.7210
    1.8000    3.0000    3.8000  119.3387
    1.8000    3.0000    3.9000  128.4759
    1.8000    3.0000    4.0000  138.1491
    1.9000    2.0000    3.0000   54.7698
    1.9000    2.0000    3.1000   59.4634
    1.9000    2.0000    3.2000   64.5046
    1.9000    2.0000    3.3000   69.9077
    1.9000    2.0000    3.4000   75.6871
    1.9000    2.0000    3.5000   81.8571
    1.9000    2.0000    3.6000   88.4318
    1.9000    2.0000    3.7000   95.4257
    1.9000    2.0000    3.8000  102.8530
    1.9000    2.0000    3.9000  110.7279
    1.9000    2.0000    4.0000  119.0648
    1.9000    2.1000    3.0000   56.1224
    1.9000    2.1000    3.1000   60.9318
    1.9000    2.1000    3.2000   66.0975
    1.9000    2.1000    3.3000   71.6341
    1.9000    2.1000    3.4000   77.5562
    1.9000    2.1000    3.5000   83.8785
    1.9000    2.1000    3.6000   90.6157
    1.9000    2.1000    3.7000   97.7823
    1.9000    2.1000    3.8000  105.3929
    1.9000    2.1000    3.9000  113.4624
    1.9000    2.1000    4.0000  122.0052
    1.9000    2.2000    3.0000   57.4431
    1.9000    2.2000    3.1000   62.3657
    1.9000    2.2000    3.2000   67.6530
    1.9000    2.2000    3.3000   73.3198
    1.9000    2.2000    3.4000   79.3813
    1.9000    2.2000    3.5000   85.8524
    1.9000    2.2000    3.6000   92.7481
    1.9000    2.2000    3.7000  100.0833
    1.9000    2.2000    3.8000  107.8731
    1.9000    2.2000    3.9000  116.1324
    1.9000    2.2000    4.0000  124.8763
    1.9000    2.3000    3.0000   58.7341
    1.9000    2.3000    3.1000   63.7674
    1.9000    2.3000    3.2000   69.1734
    1.9000    2.3000    3.3000   74.9677
    1.9000    2.3000    3.4000   81.1654
    1.9000    2.3000    3.5000   87.7819
    1.9000    2.3000    3.6000   94.8326
    1.9000    2.3000    3.7000  102.3327
    1.9000    2.3000    3.8000  110.2975
    1.9000    2.3000    3.9000  118.7425
    1.9000    2.3000    4.0000  127.6828
    1.9000    2.4000    3.0000   59.9973
    1.9000    2.4000    3.1000   65.1389
    1.9000    2.4000    3.2000   70.6612
    1.9000    2.4000    3.3000   76.5801
    1.9000    2.4000    3.4000   82.9111
    1.9000    2.4000    3.5000   89.6699
    1.9000    2.4000    3.6000   96.8722
    1.9000    2.4000    3.7000  104.5336
    1.9000    2.4000    3.8000  112.6698
    1.9000    2.4000    3.9000  121.2964
    1.9000    2.4000    4.0000  130.4290
    1.9000    2.5000    3.0000   61.2345
    1.9000    2.5000    3.1000   66.4821
    1.9000    2.5000    3.2000   72.1183
    1.9000    2.5000    3.3000   78.1592
    1.9000    2.5000    3.4000   84.6208
    1.9000    2.5000    3.5000   91.5190
    1.9000    2.5000    3.6000   98.8698
    1.9000    2.5000    3.7000  106.6892
    1.9000    2.5000    3.8000  114.9931
    1.9000    2.5000    3.9000  123.7976
    1.9000    2.5000    4.0000  133.1185
    1.9000    2.6000    3.0000   62.4472
    1.9000    2.6000    3.1000   67.7987
    1.9000    2.6000    3.2000   73.5465
    1.9000    2.6000    3.3000   79.7071
    1.9000    2.6000    3.4000   86.2966
    1.9000    2.6000    3.5000   93.3314
    1.9000    2.6000    3.6000  100.8278
    1.9000    2.6000    3.7000  108.8020
    1.9000    2.6000    3.8000  117.2704
    1.9000    2.6000    3.9000  126.2493
    1.9000    2.6000    4.0000  135.7548
    1.9000    2.7000    3.0000   63.6368
    1.9000    2.7000    3.1000   69.0902
    1.9000    2.7000    3.2000   74.9475
    1.9000    2.7000    3.3000   81.2254
    1.9000    2.7000    3.4000   87.9405
    1.9000    2.7000    3.5000   95.1093
    1.9000    2.7000    3.6000  102.7485
    1.9000    2.7000    3.7000  110.8747
    1.9000    2.7000    3.8000  119.5044
    1.9000    2.7000    3.9000  128.6542
    1.9000    2.7000    4.0000  138.3408
    1.9000    2.8000    3.0000   64.8045
    1.9000    2.8000    3.1000   70.3580
    1.9000    2.8000    3.2000   76.3228
    1.9000    2.8000    3.3000   82.7159
    1.9000    2.8000    3.4000   89.5542
    1.9000    2.8000    3.5000   96.8546
    1.9000    2.8000    3.6000  104.6340
    1.9000    2.8000    3.7000  112.9092
    1.9000    2.8000    3.8000  121.6973
    1.9000    2.8000    3.9000  131.0150
    1.9000    2.8000    4.0000  140.8794
    1.9000    2.9000    3.0000   65.9516
    1.9000    2.9000    3.1000   71.6034
    1.9000    2.9000    3.2000   77.6738
    1.9000    2.9000    3.3000   84.1801
    1.9000    2.9000    3.4000   91.1394
    1.9000    2.9000    3.5000   98.5690
    1.9000    2.9000    3.6000  106.4860
    1.9000    2.9000    3.7000  114.9078
    1.9000    2.9000    3.8000  123.8514
    1.9000    2.9000    3.9000  133.3341
    1.9000    2.9000    4.0000  143.3731
    1.9000    3.0000    3.0000   67.0791
    1.9000    3.0000    3.1000   72.8274
    1.9000    3.0000    3.2000   79.0016
    1.9000    3.0000    3.3000   85.6191
    1.9000    3.0000    3.4000   92.6974
    1.9000    3.0000    3.5000  100.2540
    1.9000    3.0000    3.6000  108.3064
    1.9000    3.0000    3.7000  116.8721
    1.9000    3.0000    3.8000  125.9687
    1.9000    3.0000    3.9000  135.6135
    1.9000    3.0000    4.0000  145.8241
    2.0000    2.0000    3.0000   57.6525
    2.0000    2.0000    3.1000   62.5930
    2.0000    2.0000    3.2000   67.8995
    2.0000    2.0000    3.3000   73.5871
    2.0000    2.0000    3.4000   79.6707
    2.0000    2.0000    3.5000   86.1653
    2.0000    2.0000    3.6000   93.0861
    2.0000    2.0000    3.7000  100.4481
    2.0000    2.0000    3.8000  108.2663
    2.0000    2.0000    3.9000  116.5557
    2.0000    2.0000    4.0000  125.3314
    2.0000    2.1000    3.0000   59.0762
    2.0000    2.1000    3.1000   64.1388
    2.0000    2.1000    3.2000   69.5763
    2.0000    2.1000    3.3000   75.4043
    2.0000    2.1000    3.4000   81.6381
    2.0000    2.1000    3.5000   88.2932
    2.0000    2.1000    3.6000   95.3849
    2.0000    2.1000    3.7000  102.9287
    2.0000    2.1000    3.8000  110.9399
    2.0000    2.1000    3.9000  119.4341
    2.0000    2.1000    4.0000  128.4265
    2.0000    2.2000    3.0000   60.4664
    2.0000    2.2000    3.1000   65.6481
    2.0000    2.2000    3.2000   71.2136
    2.0000    2.2000    3.3000   77.1788
    2.0000    2.2000    3.4000   83.5593
    2.0000    2.2000    3.5000   90.3710
    2.0000    2.2000    3.6000   97.6296
    2.0000    2.2000    3.7000  105.3509
    2.0000    2.2000    3.8000  113.5506
    2.0000    2.2000    3.9000  122.2447
    2.0000    2.2000    4.0000  131.4487
    2.0000    2.3000    3.0000   61.8254
    2.0000    2.3000    3.1000   67.1235
    2.0000    2.3000    3.2000   72.8142
    2.0000    2.3000    3.3000   78.9134
    2.0000    2.3000    3.4000   85.4373
    2.0000    2.3000    3.5000   92.4020
    2.0000    2.3000    3.6000   99.8238
    2.0000    2.3000    3.7000  107.7186
    2.0000    2.3000    3.8000  116.1027
    2.0000    2.3000    3.9000  124.9921
    2.0000    2.3000    4.0000  134.4030
    2.0000    2.4000    3.0000   63.1551
    2.0000    2.4000    3.1000   68.5672
    2.0000    2.4000    3.2000   74.3802
    2.0000    2.4000    3.3000   80.6106
    2.0000    2.4000    3.4000   87.2748
    2.0000    2.4000    3.5000   94.3894
    2.0000    2.4000    3.6000  101.9708
    2.0000    2.4000    3.7000  110.0354
    2.0000    2.4000    3.8000  118.5998
    2.0000    2.4000    3.9000  127.6804
    2.0000    2.4000    4.0000  137.2937
    2.0000    2.5000    3.0000   64.4574
    2.0000    2.5000    3.1000   69.9811
    2.0000    2.5000    3.2000   75.9140
    2.0000    2.5000    3.3000   82.2729
    2.0000    2.5000    3.4000   89.0745
    2.0000    2.5000    3.5000   96.3358
    2.0000    2.5000    3.6000  104.0735
    2.0000    2.5000    3.7000  112.3044
    2.0000    2.5000    3.8000  121.0454
    2.0000    2.5000    3.9000  130.3132
    2.0000    2.5000    4.0000  140.1248
    2.0000    2.6000    3.0000   65.7339
    2.0000    2.6000    3.1000   71.3670
    2.0000    2.6000    3.2000   77.4174
    2.0000    2.6000    3.3000   83.9022
    2.0000    2.6000    3.4000   90.8385
    2.0000    2.6000    3.5000   98.2436
    2.0000    2.6000    3.6000  106.1345
    2.0000    2.6000    3.7000  114.5285
    2.0000    2.6000    3.8000  123.4426
    2.0000    2.6000    3.9000  132.8940
    2.0000    2.6000    4.0000  142.8998
    2.0000    2.7000    3.0000   66.9861
    2.0000    2.7000    3.1000   72.7265
    2.0000    2.7000    3.2000   78.8921
    2.0000    2.7000    3.3000   85.5005
    2.0000    2.7000    3.4000   92.5690
    2.0000    2.7000    3.5000  100.1151
    2.0000    2.7000    3.6000  108.1563
    2.0000    2.7000    3.7000  116.7102
    2.0000    2.7000    3.8000  125.7941
    2.0000    2.7000    3.9000  135.4255
    2.0000    2.7000    4.0000  145.6219
    2.0000    2.8000    3.0000   68.2153
    2.0000    2.8000    3.1000   74.0611
    2.0000    2.8000    3.2000   80.3398
    2.0000    2.8000    3.3000   87.0694
    2.0000    2.8000    3.4000   94.2676
    2.0000    2.8000    3.5000  101.9522
    2.0000    2.8000    3.6000  110.1410
    2.0000    2.8000    3.7000  118.8518
    2.0000    2.8000    3.8000  128.1024
    2.0000    2.8000    3.9000  137.9106
    2.0000    2.8000    4.0000  148.2941
    2.0000    2.9000    3.0000   69.4227
    2.0000    2.9000    3.1000   75.3720
    2.0000    2.9000    3.2000   81.7619
    2.0000    2.9000    3.3000   88.6106
    2.0000    2.9000    3.4000   95.9362
    2.0000    2.9000    3.5000  103.7568
    2.0000    2.9000    3.6000  112.0906
    2.0000    2.9000    3.7000  120.9555
    2.0000    2.9000    3.8000  130.3699
    2.0000    2.9000    3.9000  140.3517
    2.0000    2.9000    4.0000  150.9190
    2.0000    3.0000    3.0000   70.6095
    2.0000    3.0000    3.1000   76.6605
    2.0000    3.0000    3.2000   83.1596
    2.0000    3.0000    3.3000   90.1254
    2.0000    3.0000    3.4000   97.5762
    2.0000    3.0000    3.5000  105.5306
    2.0000    3.0000    3.6000  114.0068
    2.0000    3.0000    3.7000  123.0233
    2.0000    3.0000    3.8000  132.5986
    2.0000    3.0000    3.9000  142.7510
    2.0000    3.0000    4.0000  153.4990