    0.1000    4.0000    0.9891
    0.1000    4.1000    0.9906
    0.1000    4.2000    0.9921
    0.1000    4.3000    0.9935
    0.1000    4.4000    0.9948
    0.1000    4.5000    0.9961
    0.1000    4.6000    0.9973
    0.1000    4.7000    0.9985
    0.1000    4.8000    0.9996
    0.1000    4.9000    1.0007
    0.1000    5.0000    1.0017
    0.1000    5.1000    1.0027
    0.1000    5.2000    1.0037
    0.1000    5.3000    1.0046
    0.1000    5.4000    1.0055
    0.1000    5.5000    1.0063
    0.1000    5.6000    1.0071
    0.1000    5.7000    1.0079
    0.1000    5.8000    1.0087
    0.1000    5.9000    1.0094
    0.1000    6.0000    1.0101
    0.1100    4.0000    0.9857
    0.1100    4.1000    0.9873
    0.1100    4.2000    0.9888
    0.1100    4.3000    0.9902
    0.1100    4.4000    0.9915
    0.1100    4.5000    0.9928
    0.1100    4.6000    0.9941
    0.1100    4.7000    0.9953
    0.1100    4.8000    0.9964
    0.1100    4.9000    0.9975
    0.1100    5.0000    0.9985
    0.1100    5.1000    0.9995
    0.1100    5.2000    1.0005
    0.1100    5.3000    1.0014
    0.1100    5.4000    1.0023
    0.1100    5.5000    1.0032
    0.1100    5.6000    1.0040
    0.1100    5.7000    1.0048
    0.1100    5.8000    1.0056
    0.1100    5.9000    1.0063
    0.1100    6.0000    1.0071
    0.1200    4.0000    0.9831
    0.1200    4.1000    0.9847
    0.1200    4.2000    0.9862
    0.1200    4.3000    0.9876
    0.1200    4.4000    0.9890
    0.1200    4.5000    0.9903
    0.1200    4.6000    0.9915
    0.1200    4.7000    0.9927
    0.1200    4.8000    0.9939
    0.1200    4.9000    0.9950
    0.1200    5.0000    0.9961
    0.1200    5.1000    0.9971
    0.1200    5.2000    0.9980
    0.1200    5.3000    0.9990
    0.1200    5.4000    0.9999
    0.1200    5.5000    1.0008
    0.1200    5.6000    1.0016
    0.1200    5.7000    1.0024
    0.1200    5.8000    1.0032
    0.1200    5.9000    1.0040
    0.1200    6.0000    1.0047
    0.1300    4.0000    0.9811
    0.1300    4.1000    0.9827
    0.1300    4.2000    0.9843
    0.1300    4.3000    0.9857
    0.1300    4.4000    0.9871
    0.1300    4.5000    0.9884
    0.1300    4.6000    0.9897
    0.1300    4.7000    0.9909
    0.1300    4.8000    0.9921
    0.1300    4.9000    0.9932
    0.1300    5.0000    0.9943
    0.1300    5.1000    0.9953
    0.1300    5.2000    0.9963
    0.1300    5.3000    0.9973
    0.1300    5.4000    0.9982
    0.1300    5.5000    0.9991
    0.1300    5.6000    0.9999
    0.1300    5.7000    1.0007
    0.1300    5.8000    1.0015
    0.1300    5.9000    1.0023
    0.1300    6.0000    1.0030
    0.1400    4.0000    0.9799
    0.1400    4.1000    0.9815
    0.1400    4.2000    0.9831
    0.1400    4.3000    0.9845
    0.1400    4.4000    0.9859
    0.1400    4.5000    0.9873
    0.1400    4.6000    0.9886
    0.1400    4.7000    0.9898
    0.1400    4.8000    0.9910
    0.1400    4.9000    0.9921
    0.1400    5.0000    0.9932
    0.1400    5.1000    0.9942
    0.1400    5.2000    0.9952
    0.1400    5.3000    0.9962
    0.1400    5.4000    0.9971
    0.1400    5.5000    0.9980
    0.1400    5.6000    0.9989
    0.1400    5.7000    0.9997
    0.1400    5.8000    1.0005
    0.1400    5.9000    1.0013
    0.1400    6.0000    1.0021
    0.1500    4.0000    0.9793
    0.1500    4.1000    0.9810
    0.1500    4.2000    0.9825
    0.1500    4.3000    0.9840
    0.1500    4.4000    0.9854
    0.1500    4.5000    0.9868
    0.1500    4.6000    0.9881
    0.1500    4.7000    0.9893
    0.1500    4.8000    0.9905
    0.1500    4.9000    0.9917
    0.1500    5.0000    0.9928
    0.1500    5.1000    0.9938
    0.1500    5.2000    0.9949
    0.1500    5.3000    0.9958
    0.1500    5.4000    0.9968
    0.1500    5.5000    0.9977
    0.1500    5.6000    0.9986
    0.1500    5.7000    0.9994
    0.1500    5.8000    1.0002
    0.1500    5.9000    1.0010
    0.1500    6.0000    1.0018
    0.1600    4.0000    0.9794
    0.1600    4.1000    0.9811
    0.1600    4.2000    0.9826
    0.1600    4.3000    0.9842
    0.1600    4.4000    0.9856
    0.1600    4.5000    0.9870
    0.1600    4.6000    0.9883
    0.1600    4.7000    0.9895
    0.1600    4.8000    0.9907
    0.1600    4.9000    0.9919
    0.1600    5.0000    0.9930
    0.1600    5.1000    0.9941
    0.1600    5.2000    0.9951
    0.1600    5.3000    0.9961
    0.1600    5.4000    0.9971
    0.1600    5.5000    0.9980
    0.1600    5.6000    0.9989
    0.1600    5.7000    0.9997
    0.1600    5.8000    1.0005
    0.1600    5.9000    1.0013
    0.1600    6.0000    1.0021
    0.1700    4.0000    0.9801
    0.1700    4.1000    0.9818
    0.1700    4.2000    0.9834
    0.1700    4.3000    0.9849
    0.1700    4.4000    0.9864
    0.1700    4.5000    0.9878
    0.1700    4.6000    0.9891
    0.1700    4.7000    0.9904
    0.1700    4.8000    0.9916
    0.1700    4.9000    0.9928
    0.1700    5.0000    0.9939
    0.1700    5.1000    0.9950
    0.1700    5.2000    0.9960
    0.1700    5.3000    0.9970
    0.1700    5.4000    0.9980
    0.1700    5.5000    0.9989
    0.1700    5.6000    0.9998
    0.1700    5.7000    1.0007
    0.1700    5.8000    1.0015
    0.1700    5.9000    1.0023
    0.1700    6.0000    1.0031
    0.1800    4.0000    0.9815
    0.1800    4.1000    0.9832
    0.1800    4.2000    0.9848
    0.1800    4.3000    0.9863
    0.1800    4.4000    0.9878
    0.1800    4.5000    0.9892
    0.1800    4.6000    0.9906
    0.1800    4.7000    0.9919
    0.1800    4.8000    0.9931
    0.1800    4.9000    0.9943
    0.1800    5.0000    0.9954
    0.1800    5.1000    0.9965
    0.1800    5.2000    0.9975
    0.1800    5.3000    0.9985
    0.1800    5.4000    0.9995
    0.1800    5.5000    1.0005
    0.1800    5.6000    1.0014
    0.1800    5.7000    1.0022
    0.1800    5.8000    1.0031
    0.1800    5.9000    1.0039
    0.1800    6.0000    1.0047
    0.1900    4.0000    0.9835
    0.1900    4.1000    0.9852
    0.1900    4.2000    0.9868
    0.1900    4.3000    0.9884
    0.1900    4.4000    0.9899
    0.1900    4.5000    0.9913
    0.1900    4.6000    0.9926
    0.1900    4.7000    0.9939
    0.1900    4.8000    0.9952
    0.1900    4.9000    0.9964
    0.1900    5.0000    0.9975
    0.1900    5.1000    0.9986
    0.1900    5.2000    0.9997
    0.1900    5.3000    1.0007
    0.1900    5.4000    1.0017
    0.1900    5.5000    1.0026
    0.1900    5.6000    1.0035
    0.1900    5.7000    1.0044
    0.1900    5.8000    1.0053
    0.1900    5.9000    1.0061
    0.1900    6.0000    1.0069
    0.2000    4.0000    0.9861
    0.2000    4.1000    0.9878
    0.2000    4.2000    0.9895
    0.2000    4.3000    0.9911
    0.2000    4.4000    0.9925
    0.2000    4.5000    0.9940
    0.2000    4.6000    0.9953
    0.2000    4.7000    0.9967
    0.2000    4.8000    0.9979
    0.2000    4.9000    0.9991
    0.2000    5.0000    1.0003
    0.2000    5.1000    1.0014
    0.2000    5.2000    1.0025
    0.2000    5.3000    1.0035
    0.2000    5.4000    1.0045
    0.2000    5.5000    1.0054
    0.2000    5.6000    1.0063
    0.2000    5.7000    1.0072
    0.2000    5.8000    1.0081
    0.2000    5.9000    1.0089
    0.2000    6.0000    1.0097
    0.2100    4.0000    0.9893
    0.2100    4.1000    0.9911
    0.2100    4.2000    0.9927
    0.2100    4.3000    0.9943
    0.2100    4.4000    0.9958
    0.2100    4.5000    0.9973
    0.2100    4.6000    0.9987
    0.2100    4.7000    1.0000
    0.2100    4.8000    1.0013
    0.2100    4.9000    1.0025
    0.2100    5.0000    1.0036
    0.2100    5.1000    1.0048
    0.2100    5.2000    1.0058
    0.2100    5.3000    1.0069
    0.2100    5.4000    1.0079
    0.2100    5.5000    1.0088
    0.2100    5.6000    1.0098
    0.2100    5.7000    1.0106
    0.2100    5.8000    1.0115
    0.2100    5.9000    1.0123
    0.2100    6.0000    1.0132
    0.2200    4.0000    0.9932
    0.2200    4.1000    0.9950
    0.2200    4.2000    0.9966
    0.2200    4.3000    0.9982
    0.2200    4.4000    0.9997
    0.2200    4.5000    1.0012
    0.2200    4.6000    1.0026
    0.2200    4.7000    1.0039
    0.2200    4.8000    1.0052
    0.2200    4.9000    1.0064
    0.2200    5.0000    1.0076
    0.2200    5.1000    1.0087
    0.2200    5.2000    1.0098
    0.2200    5.3000    1.0109
    0.2200    5.4000    1.0119
    0.2200    5.5000    1.0128
    0.2200    5.6000    1.0138
    0.2200    5.7000    1.0147
    0.2200    5.8000    1.0156
    0.2200    5.9000    1.0164
    0.2200    6.0000    1.0172
    0.2300    4.0000    0.9977
    0.2300    4.1000    0.9994
    0.2300    4.2000    1.0011
    0.2300    4.3000    1.0027
    0.2300    4.4000    1.0043
    0.2300    4.5000    1.0057
    0.2300    4.6000    1.0071
    0.2300    4.7000    1.0085
    0.2300    4.8000    1.0098
    0.2300    4.9000    1.0110
    0.2300    5.0000    1.0122
    0.2300    5.1000    1.0133
    0.2300    5.2000    1.0144
    0.2300    5.3000    1.0155
    0.2300    5.4000    1.0165
    0.2300    5.5000    1.0175
    0.2300    5.6000    1.0184
    0.2300    5.7000    1.0193
    0.2300    5.8000    1.0202
    0.2300    5.9000    1.0211
    0.2300    6.0000    1.0219
    0.2400    4.0000    1.0027
    0.2400    4.1000    1.0045
    0.2400    4.2000    1.0062
    0.2400    4.3000    1.0079
    0.2400    4.4000    1.0094
    0.2400    4.5000    1.0109
    0.2400    4.6000    1.0123
    0.2400    4.7000    1.0137
    0.2400    4.8000    1.0149
    0.2400    4.9000    1.0162
    0.2400    5.0000    1.0174
    0.2400    5.1000    1.0185
    0.2400    5.2000    1.0196
    0.2400    5.3000    1.0207
    0.2400    5.4000    1.0217
    0.2400    5.5000    1.0227
    0.2400    5.6000    1.0237
    0.2400    5.7000    1.0246
    0.2400    5.8000    1.0255
    0.2400    5.9000    1.0263
    0.2400    6.0000    1.0271
    0.2500    4.0000    1.0085
    0.2500    4.1000    1.0103
    0.2500    4.2000    1.0120
    0.2500    4.3000    1.0136
    0.2500    4.4000    1.0152
    0.2500    4.5000    1.0167
    0.2500    4.6000    1.0181
    0.2500    4.7000    1.0194
    0.2500    4.8000    1.0208
    0.2500    4.9000    1.0220
    0.2500    5.0000    1.0232
    0.2500    5.1000    1.0244
    0.2500    5.2000    1.0255
    0.2500    5.3000    1.0266
    0.2500    5.4000    1.0276
    0.2500    5.5000    1.0286
    0.2500    5.6000    1.0295
    0.2500    5.7000    1.0305
    0.2500    5.8000    1.0313
    0.2500    5.9000    1.0322
    0.2500    6.0000    1.0330
    0.2600    4.0000    1.0148
    0.2600    4.1000    1.0166
    0.2600    4.2000    1.0183
    0.2600    4.3000    1.0200
    0.2600    4.4000    1.0216
    0.2600    4.5000    1.0231
    0.2600    4.6000    1.0245
    0.2600    4.7000    1.0259
    0.2600    4.8000    1.0272
    0.2600    4.9000    1.0284
    0.2600    5.0000    1.0297
    0.2600    5.1000    1.0308
    0.2600    5.2000    1.0319
    0.2600    5.3000    1.0330
    0.2600    5.4000    1.0341
    0.2600    5.5000    1.0351
    0.2600    5.6000    1.0360
    0.2600    5.7000    1.0370
    0.2600    5.8000    1.0379
    0.2600    5.9000    1.0387
    0.2600    6.0000    1.0396
    0.2700    4.0000    1.0218
    0.2700    4.1000    1.0236
    0.2700    4.2000    1.0253
    0.2700    4.3000    1.0270
    0.2700    4.4000    1.0286
    0.2700    4.5000    1.0301
    0.2700    4.6000    1.0315
    0.2700    4.7000    1.0329
    0.2700    4.8000    1.0342
    0.2700    4.9000    1.0355
    0.2700    5.0000    1.0367
    0.2700    5.1000    1.0379
    0.2700    5.2000    1.0390
    0.2700    5.3000    1.0401
    0.2700    5.4000    1.0412
    0.2700    5.5000    1.0422
    0.2700    5.6000    1.0432
    0.2700    5.7000    1.0441
    0.2700    5.8000    1.0450
    0.2700    5.9000    1.0459
    0.2700    6.0000    1.0467
    0.2800    4.0000    1.0294
    0.2800    4.1000    1.0312
    0.2800    4.2000    1.0330
    0.2800    4.3000    1.0347
    0.2800    4.4000    1.0363
    0.2800    4.5000    1.0378
    0.2800    4.6000    1.0392
    0.2800    4.7000    1.0406
    0.2800    4.8000    1.0420
    0.2800    4.9000    1.0432
    0.2800    5.0000    1.0445
    0.2800    5.1000    1.0457
    0.2800    5.2000    1.0468
    0.2800    5.3000    1.0479
    0.2800    5.4000    1.0489
    0.2800    5.5000    1.0500
    0.2800    5.6000    1.0509
    0.2800    5.7000    1.0519
    0.2800    5.8000    1.0528
    0.2800    5.9000    1.0537
    0.2800    6.0000    1.0545
    0.2900    4.0000    1.0377
    0.2900    4.1000    1.0395
    0.2900    4.2000    1.0413
    0.2900    4.3000    1.0430
    0.2900    4.4000    1.0446
    0.2900    4.5000    1.0461
    0.2900    4.6000    1.0476
    0.2900    4.7000    1.0490
    0.2900    4.8000    1.0503
    0.2900    4.9000    1.0516
    0.2900    5.0000    1.0529
    0.2900    5.1000    1.0540
    0.2900    5.2000    1.0552
    0.2900    5.3000    1.0563
    0.2900    5.4000    1.0574
    0.2900    5.5000    1.0584
    0.2900    5.6000    1.0594
    0.2900    5.7000    1.0603
    0.2900    5.8000    1.0612
    0.2900    5.9000    1.0621
    0.2900    6.0000    1.0630
    0.3000    4.0000    1.0466
    0.3000    4.1000    1.0485
    0.3000    4.2000    1.0503
    0.3000    4.3000    1.0520
    0.3000    4.4000    1.0536
    0.3000    4.5000    1.0551
    0.3000    4.6000    1.0566
    0.3000    4.7000    1.0580
    0.3000    4.8000    1.0594
    0.3000    4.9000    1.0607
    0.3000    5.0000    1.0619
    0.3000    5.1000    1.0631
    0.3000    5.2000    1.0643
    0.3000    5.3000    1.0654
    0.3000    5.4000    1.0664
    0.3000    5.5000    1.0675
    0.3000    5.6000    1.0685
    0.3000    5.7000    1.0694
    0.3000    5.8000    1.0703
    0.3000    5.9000    1.0712
    0.3000    6.0000    1.0721
    0.3100    4.0000    1.0563
    0.3100    4.1000    1.0582
    0.3100    4.2000    1.0600
    0.3100    4.3000    1.0617
    0.3100    4.4000    1.0633
    0.3100    4.5000    1.0648
    0.3100    4.6000    1.0663
    0.3100    4.7000    1.0677
    0.3100    4.8000    1.0691
    0.3100    4.9000    1.0704
    0.3100    5.0000    1.0717
    0.3100    5.1000    1.0729
    0.3100    5.2000    1.0740
    0.3100    5.3000    1.0751
    0.3100    5.4000    1.0762
    0.3100    5.5000    1.0772
    0.3100    5.6000    1.0782
    0.3100    5.7000    1.0792
    0.3100    5.8000    1.0801
    0.3100    5.9000    1.0810
    0.3100    6.0000    1.0819
    0.3200    4.0000    1.0666
    0.3200    4.1000    1.0685
    0.3200    4.2000    1.0703
    0.3200    4.3000    1.0720
    0.3200    4.4000    1.0737
    0.3200    4.5000    1.0752
    0.3200    4.6000    1.0767
    0.3200    4.7000    1.0782
    0.3200    4.8000    1.0795
    0.3200    4.9000    1.0808
    0.3200    5.0000    1.0821
    0.3200    5.1000    1.0833
    0.3200    5.2000    1.0845
    0.3200    5.3000    1.0856
    0.3200    5.4000    1.0867
    0.3200    5.5000    1.0877
    0.3200    5.6000    1.0887
    0.3200    5.7000    1.0897
    0.3200    5.8000    1.0906
    0.3200    5.9000    1.0915
    0.3200    6.0000    1.0924
    0.3300    4.0000    1.0777
    0.3300    4.1000    1.0796
    0.3300    4.2000    1.0814
    0.3300    4.3000    1.0832
    0.3300    4.4000    1.0848
    0.3300    4.5000    1.0864
    0.3300    4.6000    1.0879
    0.3300    4.7000    1.0893
    0.3300    4.8000    1.0907
    0.3300    4.9000    1.0920
    0.3300    5.0000    1.0933
    0.3300    5.1000    1.0945
    0.3300    5.2000    1.0957
    0.3300    5.3000    1.0968
    0.3300    5.4000    1.0979
    0.3300    5.5000    1.0989
    0.3300    5.6000    1.0999
    0.3300    5.7000    1.1009
    0.3300    5.8000    1.1019
    0.3300    5.9000    1.1028
    0.3300    6.0000    1.1037
    0.3400    4.0000    1.0896
    0.3400    4.1000    1.0915
    0.3400    4.2000    1.0933
    0.3400    4.3000    1.0950
    0.3400    4.4000    1.0967
    0.3400    4.5000    1.0983
    0.3400    4.6000    1.0998
    0.3400    4.7000    1.1012
    0.3400    4.8000    1.1026
    0.3400    4.9000    1.1039
    0.3400    5.0000    1.1052
    0.3400    5.1000    1.1064
    0.3400    5.2000    1.1076
    0.3400    5.3000    1.1088
    0.3400    5.4000    1.1098
    0.3400    5.5000    1.1109
    0.3400    5.6000    1.1119
    0.3400    5.7000    1.1129
    0.3400    5.8000    1.1138
    0.3400    5.9000    1.1148
    0.3400    6.0000    1.1156
    0.3500    4.0000    1.1022
    0.3500    4.1000    1.1041
    0.3500    4.2000    1.1059
    0.3500    4.3000    1.1077
    0.3500    4.4000    1.1093
    0.3500    4.5000    1.1109
    0.3500    4.6000    1.1124
    0.3500    4.7000    1.1139
    0.3500    4.8000    1.1153
    0.3500    4.9000    1.1166
    0.3500    5.0000    1.1179
    0.3500    5.1000    1.1191
    0.3500    5.2000    1.1203
    0.3500    5.3000    1.1215
    0.3500    5.4000    1.1226
    0.3500    5.5000    1.1236
    0.3500    5.6000    1.1247
    0.3500    5.7000    1.1256
    0.3500    5.8000    1.1266
    0.3500    5.9000    1.1275
    0.3500    6.0000    1.1284
    0.3600    4.0000    1.1156
    0.3600    4.1000    1.1175
    0.3600    4.2000    1.1194
    0.3600    4.3000    1.1211
    0.3600    4.4000    1.1228
    0.3600    4.5000    1.1244
    0.3600    4.6000    1.1259
    0.3600    4.7000    1.1274
    0.3600    4.8000    1.1288
    0.3600    4.9000    1.1301
    0.3600    5.0000    1.1314
    0.3600    5.1000    1.1327
    0.3600    5.2000    1.1338
    0.3600    5.3000    1.1350
    0.3600    5.4000    1.1361
    0.3600    5.5000    1.1372
    0.3600    5.6000    1.1382
    0.3600    5.7000    1.1392
    0.3600    5.8000    1.1401
    0.3600    5.9000    1.1411
    0.3600    6.0000    1.1420
    0.3700    4.0000    1.1298
    0.3700    4.1000    1.1318
    0.3700    4.2000    1.1336
    0.3700    4.3000    1.1354
    0.3700    4.4000    1.1371
    0.3700    4.5000    1.1387
    0.3700    4.6000    1.1402
    0.3700    4.7000    1.1417
    0.3700    4.8000    1.1431
    0.3700    4.9000    1.1444
    0.3700    5.0000    1.1457
    0.3700    5.1000    1.1470
    0.3700    5.2000    1.1482
    0.3700    5.3000    1.1494
    0.3700    5.4000    1.1505
    0.3700    5.5000    1.1515
    0.3700    5.6000    1.1526
    0.3700    5.7000    1.1536
    0.3700    5.8000    1.1545
    0.3700    5.9000    1.1555
    0.3700    6.0000    1.1564
    0.3800    4.0000    1.1449
    0.3800    4.1000    1.1469
    0.3800    4.2000    1.1488
    0.3800    4.3000    1.1505
    0.3800    4.4000    1.1522
    0.3800    4.5000    1.1538
    0.3800    4.6000    1.1554
    0.3800    4.7000    1.1569
    0.3800    4.8000    1.1583
    0.3800    4.9000    1.1596
    0.3800    5.0000    1.1609
    0.3800    5.1000    1.1622
    0.3800    5.2000    1.1634
    0.3800    5.3000    1.1646
    0.3800    5.4000    1.1657
    0.3800    5.5000    1.1668
    0.3800    5.6000    1.1678
    0.3800    5.7000    1.1688
    0.3800    5.8000    1.1698
    0.3800    5.9000    1.1707
    0.3800    6.0000    1.1716
    0.3900    4.0000    1.1610
    0.3900    4.1000    1.1629
    0.3900    4.2000    1.1648
    0.3900    4.3000    1.1666
    0.3900    4.4000    1.1683
    0.3900    4.5000    1.1699
    0.3900    4.6000    1.1715
    0.3900    4.7000    1.1729
    0.3900    4.8000    1.1744
    0.3900    4.9000    1.1757
    0.3900    5.0000    1.1771
    0.3900    5.1000    1.1783
    0.3900    5.2000    1.1795
    0.3900    5.3000    1.1807
    0.3900    5.4000    1.1818
    0.3900    5.5000    1.1829
    0.3900    5.6000    1.1840
    0.3900    5.7000    1.1850
    0.3900    5.8000    1.1859
    0.3900    5.9000    1.1869
    0.3900    6.0000    1.1878
    0.4000    4.0000    1.1779
    0.4000    4.1000    1.1799
    0.4000    4.2000    1.1818
    0.4000    4.3000    1.1836
    0.4000    4.4000    1.1853
    0.4000    4.5000    1.1869
    0.4000    4.6000    1.1885
    0.4000    4.7000    1.1900
    0.4000    4.8000    1.1914
    0.4000    4.9000    1.1928
    0.4000    5.0000    1.1941
    0.4000    5.1000    1.1954
    0.4000    5.2000    1.1966
    0.4000    5.3000    1.1978
    0.4000    5.4000    1.1989
    0.4000    5.5000    1.2000
    0.4000    5.6000    1.2010
    0.4000    5.7000    1.2021
    0.4000    5.8000    1.2030
    0.4000    5.9000    1.2040
    0.4000    6.0000    1.2049
    0.4100    4.0000    1.1959
    0.4100    4.1000    1.1979
    0.4100    4.2000    1.1997
    0.4100    4.3000    1.2015
    0.4100    4.4000    1.2033
    0.4100    4.5000    1.2049
    0.4100    4.6000    1.2065
    0.4100    4.7000    1.2080
    0.4100    4.8000    1.2094
    0.4100    4.9000    1.2108
    0.4100    5.0000    1.2121
    0.4100    5.1000    1.2134
    0.4100    5.2000    1.2146
    0.4100    5.3000    1.2158
    0.4100    5.4000    1.2170
    0.4100    5.5000    1.2181
    0.4100    5.6000    1.2191
    0.4100    5.7000    1.2201
    0.4100    5.8000    1.2211
    0.4100    5.9000    1.2221
    0.4100    6.0000    1.2230
    0.4200    4.0000    1.2149
    0.4200    4.1000    1.2169
    0.4200    4.2000    1.2188
    0.4200    4.3000    1.2206
    0.4200    4.4000    1.2223
    0.4200    4.5000    1.2239
    0.4200    4.6000    1.2255
    0.4200    4.7000    1.2270
    0.4200    4.8000    1.2285
    0.4200    4.9000    1.2299
    0.4200    5.0000    1.2312
    0.4200    5.1000    1.2325
    0.4200    5.2000    1.2337
    0.4200    5.3000    1.2349
    0.4200    5.4000    1.2361
    0.4200    5.5000    1.2372
    0.4200    5.6000    1.2382
    0.4200    5.7000    1.2393
    0.4200    5.8000    1.2402
    0.4200    5.9000    1.2412
    0.4200    6.0000    1.2421
    0.4300    4.0000    1.2349
    0.4300    4.1000    1.2369
    0.4300    4.2000    1.2389
    0.4300    4.3000    1.2407
    0.4300    4.4000    1.2424
    0.4300    4.5000    1.2441
    0.4300    4.6000    1.2457
    0.4300    4.7000    1.2472
    0.4300    4.8000    1.2486
    0.4300    4.9000    1.2500
    0.4300    5.0000    1.2514
    0.4300    5.1000    1.2527
    0.4300    5.2000    1.2539
    0.4300    5.3000    1.2551
    0.4300    5.4000    1.2563
    0.4300    5.5000    1.2574
    0.4300    5.6000    1.2584
    0.4300    5.7000    1.2595
    0.4300    5.8000    1.2605
    0.4300    5.9000    1.2614
    0.4300    6.0000    1.2623
    0.4400    4.0000    1.2562
    0.4400    4.1000    1.2582
    0.4400    4.2000    1.2601
    0.4400    4.3000    1.2619
    0.4400    4.4000    1.2637
    0.4400    4.5000    1.2653
    0.4400    4.6000    1.2669
    0.4400    4.7000    1.2685
    0.4400    4.8000    1.2699
    0.4400    4.9000    1.2713
    0.4400    5.0000    1.2727
    0.4400    5.1000    1.2740
    0.4400    5.2000    1.2752
    0.4400    5.3000    1.2764
    0.4400    5.4000    1.2776
    0.4400    5.5000    1.2787
    0.4400    5.6000    1.2798
    0.4400    5.7000    1.2808
    0.4400    5.8000    1.2818
    0.4400    5.9000    1.2828
    0.4400    6.0000    1.2837
    0.4500    4.0000    1.2786
    0.4500    4.1000    1.2806
    0.4500    4.2000    1.2825
    0.4500    4.3000    1.2844
    0.4500    4.4000    1.2861
    0.4500    4.5000    1.2878
    0.4500    4.6000    1.2894
    0.4500    4.7000    1.2910
    0.4500    4.8000    1.2924
    0.4500    4.9000    1.2939
    0.4500    5.0000    1.2952
    0.4500    5.1000    1.2965
    0.4500    5.2000    1.2978
    0.4500    5.3000    1.2990
    0.4500    5.4000    1.3001
    0.4500    5.5000    1.3013
    0.4500    5.6000    1.3023
    0.4500    5.7000    1.3034
    0.4500    5.8000    1.3044
    0.4500    5.9000    1.3053
    0.4500    6.0000    1.3063
    0.4600    4.0000    1.3023
    0.4600    4.1000    1.3043
    0.4600    4.2000    1.3063
    0.4600    4.3000    1.3081
    0.4600    4.4000    1.3099
    0.4600    4.5000    1.3116
    0.4600    4.6000    1.3132
    0.4600    4.7000    1.3147
    0.4600    4.8000    1.3162
    0.4600    4.9000    1.3176
    0.4600    5.0000    1.3190
    0.4600    5.1000    1.3203
    0.4600    5.2000    1.3216
    0.4600    5.3000    1.3228
    0.4600    5.4000    1.3240
    0.4600    5.5000    1.3251
    0.4600    5.6000    1.3262
    0.4600    5.7000    1.3272
    0.4600    5.8000    1.3282
    0.4600    5.9000    1.3292
    0.4600    6.0000    1.3301
    0.4700    4.0000    1.3273
    0.4700    4.1000    1.3294
    0.4700    4.2000    1.3313
    0.4700    4.3000    1.3332
    0.4700    4.4000    1.3350
    0.4700    4.5000    1.3367
    0.4700    4.6000    1.3383
    0.4700    4.7000    1.3399
    0.4700    4.8000    1.3413
    0.4700    4.9000    1.3428
    0.4700    5.0000    1.3441
    0.4700    5.1000    1.3455
    0.4700    5.2000    1.3467
    0.4700    5.3000    1.3479
    0.4700    5.4000    1.3491
    0.4700    5.5000    1.3503
    0.4700    5.6000    1.3513
    0.4700    5.7000    1.3524
    0.4700    5.8000    1.3534
    0.4700    5.9000    1.3544
    0.4700    6.0000    1.3553
    0.4800    4.0000    1.3538
    0.4800    4.1000    1.3559
    0.4800    4.2000    1.3579
    0.4800    4.3000    1.3597
    0.4800    4.4000    1.3615
    0.4800    4.5000    1.3632
    0.4800    4.6000    1.3648
    0.4800    4.7000    1.3664
    0.4800    4.8000    1.3679
    0.4800    4.9000    1.3693
    0.4800    5.0000    1.3707
    0.4800    5.1000    1.3720
    0.4800    5.2000    1.3733
    0.4800    5.3000    1.3745
    0.4800    5.4000    1.3757
    0.4800    5.5000    1.3769
    0.4800    5.6000    1.3780
    0.4800    5.7000    1.3790
    0.4800    5.8000    1.3800
    0.4800    5.9000    1.3810
    0.4800    6.0000    1.3820
    0.4900    4.0000    1.3818
    0.4900    4.1000    1.3839
    0.4900    4.2000    1.3859
    0.4900    4.3000    1.3878
    0.4900    4.4000    1.3896
    0.4900    4.5000    1.3913
    0.4900    4.6000    1.3929
    0.4900    4.7000    1.3945
    0.4900    4.8000    1.3960
    0.4900    4.9000    1.3974
    0.4900    5.0000    1.3988
    0.4900    5.1000    1.4001
    0.4900    5.2000    1.4014
    0.4900    5.3000    1.4027
    0.4900    5.4000    1.4038
    0.4900    5.5000    1.4050
    0.4900    5.6000    1.4061
    0.4900    5.7000    1.4072
    0.4900    5.8000    1.4082
    0.4900    5.9000    1.4092
    0.4900    6.0000    1.4101
    0.5000    4.0000    1.4115
    0.5000    4.1000    1.4135
    0.5000    4.2000    1.4155
    0.5000    4.3000    1.4174
    0.5000    4.4000    1.4192
    0.5000    4.5000    1.4209
    0.5000    4.6000    1.4226
    0.5000    4.7000    1.4242
    0.5000    4.8000    1.4257
    0.5000    4.9000    1.4271
    0.5000    5.0000    1.4285
    0.5000    5.1000    1.4299
    0.5000    5.2000    1.4312
    0.5000    5.3000    1.4324
    0.5000    5.4000    1.4336
    0.5000    5.5000    1.4347
    0.5000    5.6000    1.4359
    0.5000    5.7000    1.4369
    0.5000    5.8000    1.4380
    0.5000    5.9000    1.4390
    0.5000    6.0000    1.4399
    0.5100    4.0000    1.4428
    0.5100    4.1000    1.4449
    0.5100    4.2000    1.4469
    0.5100    4.3000    1.4488
    0.5100    4.4000    1.4506
    0.5100    4.5000    1.4523
    0.5100    4.6000    1.4540
    0.5100    4.7000    1.4556
    0.5100    4.8000    1.4571
    0.5100    4.9000    1.4586
    0.5100    5.0000    1.4600
    0.5100    5.1000    1.4613
    0.5100    5.2000    1.4626
    0.5100    5.3000    1.4639
    0.5100    5.4000    1.4651
    0.5100    5.5000    1.4662
    0.5100    5.6000    1.4673
    0.5100    5.7000    1.4684
    0.5100    5.8000    1.4694
    0.5100    5.9000    1.4704
    0.5100    6.0000    1.4714
    0.5200    4.0000    1.4760
    0.5200    4.1000    1.4781
    0.5200    4.2000    1.4801
    0.5200    4.3000    1.4820
    0.5200    4.4000    1.4838
    0.5200    4.5000    1.4856
    0.5200    4.6000    1.4872
    0.5200    4.7000    1.4888
    0.5200    4.8000    1.4904
    0.5200    4.9000    1.4918
    0.5200    5.0000    1.4933
    0.5200    5.1000    1.4946
    0.5200    5.2000    1.4959
    0.5200    5.3000    1.4972
    0.5200    5.4000    1.4984
    0.5200    5.5000    1.4995
    0.5200    5.6000    1.5007
    0.5200    5.7000    1.5017
    0.5200    5.8000    1.5028
    0.5200    5.9000    1.5038
    0.5200    6.0000    1.5048
    0.5300    4.0000    1.5111
    0.5300    4.1000    1.5133
    0.5300    4.2000    1.5153
    0.5300    4.3000    1.5172
    0.5300    4.4000    1.5190
    0.5300    4.5000    1.5208
    0.5300    4.6000    1.5225
    0.5300    4.7000    1.5241
    0.5300    4.8000    1.5256
    0.5300    4.9000    1.5271
    0.5300    5.0000    1.5285
    0.5300    5.1000    1.5299
    0.5300    5.2000    1.5312
    0.5300    5.3000    1.5324
    0.5300    5.4000    1.5336
    0.5300    5.5000    1.5348
    0.5300    5.6000    1.5359
    0.5300    5.7000    1.5370
    0.5300    5.8000    1.5381
    0.5300    5.9000    1.5391
    0.5300    6.0000    1.5401
    0.5400    4.0000    1.5484
    0.5400    4.1000    1.5505
    0.5400    4.2000    1.5526
    0.5400    4.3000    1.5545
    0.5400    4.4000    1.5563
    0.5400    4.5000    1.5581
    0.5400    4.6000    1.5598
    0.5400    4.7000    1.5614
    0.5400    4.8000    1.5630
    0.5400    4.9000    1.5644
    0.5400    5.0000    1.5659
    0.5400    5.1000    1.5672
    0.5400    5.2000    1.5686
    0.5400    5.3000    1.5698
    0.5400    5.4000    1.5710
    0.5400    5.5000    1.5722
    0.5400    5.6000    1.5733
    0.5400    5.7000    1.5744
    0.5400    5.8000    1.5755
    0.5400    5.9000    1.5765
    0.5400    6.0000    1.5775
    0.5500    4.0000    1.5879
    0.5500    4.1000    1.5901
    0.5500    4.2000    1.5921
    0.5500    4.3000    1.5941
    0.5500    4.4000    1.5959
    0.5500    4.5000    1.5977
    0.5500    4.6000    1.5994
    0.5500    4.7000    1.6010
    0.5500    4.8000    1.6026
    0.5500    4.9000    1.6041
    0.5500    5.0000    1.6055
    0.5500    5.1000    1.6069
    0.5500    5.2000    1.6082
    0.5500    5.3000    1.6095
    0.5500    5.4000    1.6107
    0.5500    5.5000    1.6119
    0.5500    5.6000    1.6130
    0.5500    5.7000    1.6141
    0.5500    5.8000    1.6152
    0.5500    5.9000    1.6162
    0.5500    6.0000    1.6172
    0.5600    4.0000    1.6299
    0.5600    4.1000    1.6320
    0.5600    4.2000    1.6341
    0.5600    4.3000    1.6361
    0.5600    4.4000    1.6379
    0.5600    4.5000    1.6397
    0.5600    4.6000    1.6414
    0.5600    4.7000    1.6430
    0.5600    4.8000    1.6446
    0.5600    4.9000    1.6461
    0.5600    5.0000    1.6476
    0.5600    5.1000    1.6489
    0.5600    5.2000    1.6503
    0.5600    5.3000    1.6516
    0.5600    5.4000    1.6528
    0.5600    5.5000    1.6540
    0.5600    5.6000    1.6551
    0.5600    5.7000    1.6562
    0.5600    5.8000    1.6573
    0.5600    5.9000    1.6583
    0.5600    6.0000    1.6593
    0.5700    4.0000    1.6745
    0.5700    4.1000    1.6766
    0.5700    4.2000    1.6787
    0.5700    4.3000    1.6807
    0.5700    4.4000    1.6826
    0.5700    4.5000    1.6844
    0.5700    4.6000    1.6861
    0.5700    4.7000    1.6877
    0.5700    4.8000    1.6893
    0.5700    4.9000    1.6908
    0.5700    5.0000    1.6923
    0.5700    5.1000    1.6937
    0.5700    5.2000    1.6950
    0.5700    5.3000    1.6963
    0.5700    5.4000    1.6975
    0.5700    5.5000    1.6987
    0.5700    5.6000    1.6999
    0.5700    5.7000    1.7010
    0.5700    5.8000    1.7021
    0.5700    5.9000    1.7031
    0.5700    6.0000    1.7041
    0.5800    4.0000    1.7219
    0.5800    4.1000    1.7241
    0.5800    4.2000    1.7262
    0.5800    4.3000    1.7281
    0.5800    4.4000    1.7300
    0.5800    4.5000    1.7318
    0.5800    4.6000    1.7336
    0.5800    4.7000    1.7352
    0.5800    4.8000    1.7368
    0.5800    4.9000    1.7383
    0.5800    5.0000    1.7398
    0.5800    5.1000    1.7412
    0.5800    5.2000    1.7425
    0.5800    5.3000    1.7438
    0.5800    5.4000    1.7451
    0.5800    5.5000    1.7463
    0.5800    5.6000    1.7475
    0.5800    5.7000    1.7486
    0.5800    5.8000    1.7497
    0.5800    5.9000    1.7507
    0.5800    6.0000    1.7517
    0.5900    4.0000    1.7724
    0.5900    4.1000    1.7746
    0.5900    4.2000    1.7767
    0.5900    4.3000    1.7787
    0.5900    4.4000    1.7806
    0.5900    4.5000    1.7824
    0.5900    4.6000    1.7841
    0.5900    4.7000    1.7858
    0.5900    4.8000    1.7874
    0.5900    4.9000    1.7889
    0.5900    5.0000    1.7904
    0.5900    5.1000    1.7918
    0.5900    5.2000    1.7932
    0.5900    5.3000    1.7945
    0.5900    5.4000    1.7957
    0.5900    5.5000    1.7970
    0.5900    5.6000    1.7981
    0.5900    5.7000    1.7993
    0.5900    5.8000    1.8003
    0.5900    5.9000    1.8014
    0.5900    6.0000    1.8024
    0.6000    4.0000    1.8262
    0.6000    4.1000    1.8285
    0.6000    4.2000    1.8306
    0.6000    4.3000    1.8326
    0.6000    4.4000    1.8345
    0.6000    4.5000    1.8363
    0.6000    4.6000    1.8381
    0.6000    4.7000    1.8397
    0.6000    4.8000    1.8413
    0.6000    4.9000    1.8429
    0.6000    5.0000    1.8444
    0.6000    5.1000    1.8458
    0.6000    5.2000    1.8472
    0.6000    5.3000    1.8485
    0.6000    5.4000    1.8497
    0.6000    5.5000    1.8510
    0.6000    5.6000    1.8521
    0.6000    5.7000    1.8533
    0.6000    5.8000    1.8544
    0.6000    5.9000    1.8554
    0.6000    6.0000    1.8564